PIECE 1 
QUANTITY 5 
NUMBER OF VERTICES 196 
VERTICES (X,Y) 
12373.755569792967 18821.465682925784 
12453.22570821875 18846.11267089063 
12525.251693847658 18885.106887871098 
12588.12011725 18936.74316417188 
12640.117568996095 18999.31633009766 
12679.53063965625 19071.121215953128 
12704.645919800781 19150.45265204297 
12713.75 19235.605468671878 
12741.866302845701 22615.3269198125 
12766.976318640624 22694.653930796878 
12806.388702646484 22766.45256046875 
12858.388672125 22829.01855467188 
12921.261444337892 22880.647659250004 
12993.292236546877 22919.63562004688 
13072.766266013674 22944.27818290625 
13157.96875 22952.871093671878 
15251.57119798828 22944.20761102735 
15331.30249065625 22919.37133789063 
15403.517303808592 22880.093536457036 
15466.48437525 22828.10546892188 
15518.472442785158 22765.13839748047 
15557.75024421875 22692.923584328128 
15582.58651735547 22613.192291660158 
15591.291637422088 22283.360393425206 
15591.346435552492 22012.7232936438 
15591.30922318741 21717.693655796847 
15591.074829123048 21400.20065335352 
15590.53808215561 21062.173459782993 
15589.5938110813 20705.541248554448 
15588.13684469632 20332.233193137057 
15586.062011796876 19944.178467000005 
15583.264141179168 19543.30624361246 
15579.638061639405 19131.54569644361 
15575.078601973786 18710.825998962617 
15569.480590978517 18283.076324638674 
15554.748230183839 17414.203739338627 
15534.599609625 16540.36132829688 
15508.19335967163 15676.982479266848 
15492.380695662505 15254.039824179172 
15474.688110693358 14839.500580001957 
15455.010433560394 14435.29392020438 
15433.242493059814 14043.34901825562 
15409.279117987824 13665.595047624853 
15383.015137140625 13303.961181781255 
15354.345379314422 12960.376594194004 
15323.164673305419 12636.770458332281 
15289.36784790982 12335.071947665258 
15252.849731923827 12057.210235662114 
15213.505154143644 11805.114495792028 
15171.228943365477 11580.713901524174 
15148.958609600963 11479.502150700202 
15125.91592838553 11385.93762632773 
15102.0877533187 11300.261475090407 
15047.282649778626 11131.017057861543 
15013.10402920166 11021.05852127515 
14975.479950212342 10894.173057117101 
14934.965286753906 10751.694488591802 
14892.114912769592 10594.95663890366 
14847.483702202637 10425.293331257086 
14801.626528996278 10244.03838885648 
14755.09826709375 10052.525634906253 
14708.453790438294 9852.088892610811 
14662.247972973146 9644.061985174561 
14573.371811386718 9210.572967697266 
14492.908773880372 8762.729168109621 
14425.297852 8311.201172046876 
14374.978037291503 7866.659565144288 
14357.689479984801 7650.34321563907 
14346.38832130078 7439.774933037112 
14341.629435182678 7236.288540542819 
14343.96769557373 7041.217861360597 
14353.957976417176 6855.896718694856 
14372.15515165625 6681.658935750002 
14399.114095234192 6519.838335730441 
14435.389681094239 6371.76874184058 
14481.536783179627 6238.783977284824 
14538.110275433595 6122.217865267583 
14605.665031799379 6023.404228993259 
14684.755926220216 5943.676891666266 
14775.937832639343 5884.369676491002 
15171.870956441406 5783.8471224492205 
15472.19177253125 5721.878051890624 
15768.57124341797 5648.597641035154 
15911.483965081545 5603.868322383303 
16048.852539250001 5551.694335921875 
16179.157362191894 5490.5367374057605 
16300.878830175783 5418.856582589844 
16412.497339470217 5335.114927229006 
16512.49328634375 5237.772827078126 
16599.34706706494 5125.291337892089 
16671.539077902344 4996.131515425786 
16727.54971512451 4848.754415434083 
16765.859375 4681.621093671878 
17061.55799627304 2839.477449481001 
17060.687084197998 2765.4580740364727 
17051.779873371124 2689.900276483557 
17035.088348388672 2612.9460529675307 
16979.36029434204 2455.4163126272288 
16895.518798828125 2294.004822177736 
16785.579738616943 2129.847550781222 
16651.558990478516 1964.0804675998552 
16495.47243118286 1797.839541795809 
16319.3359375 1632.2607425312526 
16125.165386199951 1468.480038968355 
15914.976654052734 1307.6334002692893 
15690.78561782837 1150.8567955962244 
15454.608154296875 999.2861941113297 
15208.460140228271 854.0575649767779 
14954.357452392578 716.3068773547384 
14694.315967559814 587.1701004073802 
14430.3515625 467.7832032968763 
14164.480113983154 359.2821551853958 
13898.717498779297 262.802925235108 
13635.079593658447 179.48148260818562 
13375.582275390625 110.45379646679794 
13122.24142074585 56.855835973114154 
12877.07290649414 19.8235702893071 
12642.092609405518 0.4929685775459802 
12419.31640625 0.0 
12210.760173797607 19.480633718842 
12018.43978881836 60.070838896241185 
11928.998000621796 88.63702114507396 
11844.371128082275 122.90658469436676 
11764.811155796051 163.02152568938254 
11690.570068359375 209.12384027539156 
11621.8998503685 261.35552459766404 
11559.052486419678 319.8585748014848 
11502.279961109161 384.7749870321095 
11451.834259033203 456.24675743481566 
11407.967364788055 534.4158821548735 
11370.93126296997 619.4243573375607 
11340.977938175201 711.4141791281327 
11318.359375 810.527343671878 
10270.9228520625 6506.493530406249 
10240.52734425 6551.538086046876 
10195.4541020625 6581.897583000002 
10085.088501265624 6581.897583000002 
10040.043945624999 6551.538086046876 
10009.684448671875 6506.493530406249 
9998.554688 6451.308593671878 
9590.545044357423 1063.6534595588346 
9566.90734896875 960.894546595704 
9533.59710720508 862.3723508464391 
9491.179199437502 768.5211183750034 
9440.218506037112 679.7750952453644 
9381.279907375001 596.5685275214892 
9314.928283822268 519.3356612673342 
9241.728515750001 448.51074254687774 
9162.2454835293 384.5280174240761 
9077.044067531251 327.82173196289295 
8986.689148126956 278.8261322272956 
8891.745605687502 237.97546428125133 
8792.778320583986 205.7039741887238 
8690.3521731875 182.44590801367667 
8585.032043869141 168.63551182006995 
8477.382813 164.7070316718782 
2860.8352375910645 231.53998375927404 
2750.5753328066407 248.84880074609464 
2643.9854338103028 276.2502767192418 
2541.611938765625 313.2440187656284 
2444.0012458361816 359.329633972171 
2351.699753185547 414.00672942578603 
2265.2538589772953 476.77491221337914 
2185.209961375 547.1337894218777 
2112.114458542236 624.5829681381874 
2046.5137486425783 708.6220554492211 
1988.9542298395995 798.7506584418952 
1939.982300296875 894.4683842031263 
1900.1443581779786 995.2748398198273 
1869.9868016464845 1100.669632378911 
1850.056028865967 1210.1523689672867 
1840.898438 1323.2226566718782 
1796.8321228027344 2496.686248701175 
1772.283935546875 2588.582763593753 
1734.4331359863281 2673.7977599316437 
1684.091796875 2750.927734296878 
1622.0719909667969 2818.5691832714874 
1549.185791015625 2875.318603437503 
1466.2452697753906 2919.772491376956 
1374.0625 2950.527343671878 
341.8497466835937 3210.260162439452 
252.86682121875003 3258.8073732500015 
175.12016283203127 3320.8805849902346 
109.89746075000001 3394.7851565468773 
58.48640419921876 3478.826446806641 
22.174682406250003 3571.3098146562515 
2.249984597656251 3670.5406189824207 
0.0 3774.824218671878 
1026.5647125253906 18395.81108099805 
1063.958129890625 18495.228881968753 
1118.2897186542968 18584.48707594727 
1187.543945375 18661.71386729688 
1269.7052766113284 18725.03746038086 
1362.7581789218752 18772.586059562505 
1464.6871188652344 18802.48786920508 
12373.755569792967 18821.465682925784 
PIECE 2 
QUANTITY 5 
NUMBER OF VERTICES 78 
VERTICES (X,Y) 
646.328125 12891.063232 
14047.627868652344 12882.737044886719 
14126.13037109375 12858.826293593751 
14197.451477050781 12820.932693191407 
14259.94140625 12770.65795875 
14311.950378417969 12709.603805339844 
14351.82861328125 12639.37194803125 
14377.926330566406 12561.564101894532 
14388.59375 12477.781982 
14579.443512298829 5515.247421341797 
14569.906006078127 5431.2115479218755 
14552.38327041211 5350.137405447265 
14526.894531375001 5272.073974625 
14493.459015041017 5197.07023616211 
14452.095947484377 5125.175170765626 
14402.824554779298 5056.437759142578 
14282.821579314452 4930.840987738282 
14216.408081265625 4878.5089107187505 
14146.474380615236 4833.932265839845 
14073.071289125 4797.132568000001 
13996.249618556642 4768.131332097657 
13916.060180671875 4746.95007303125 
13832.553787232422 4733.61030569922 
13745.78125 4728.133545000001 
11248.55835003125 4676.914672718751 
11168.0664065 4652.27905275 
11094.54711921875 4611.7132569062505 
10974.4665528125 4486.081542828124 
10937.26562525 4410.8190916250005 
10916.2658695625 4329.301757609377 
10910.976563 4241.844482 
10996.588506704102 778.8111491752934 
10985.154953023437 694.5858760429692 
10965.170259518556 613.2678599907231 
10937.12097175 535.2844234062504 
10901.493635278322 461.0628886772465 
10858.774795664063 391.0305781914067 
10809.450998467775 325.6148143364262 
10754.008789250001 265.2429195000004 
10692.934713571289 210.34221606982464 
10626.71531699219 161.34002643359418 
10555.837145073245 118.66367297900433 
10480.786743375002 82.74047809375043 
10402.050657458009 53.99776416552777 
10320.115432882812 32.862853582031676 
10235.46761520996 19.763068730957457 
10148.59375 15.125732000000426 
2838.604126265625 0.0 
2759.936523875 23.25073225000051 
2687.677612796875 62.11669887500102 
2567.4090579062504 182.01843226562596 
2528.33496125 254.14428687500185 
2504.83947796875 332.73742654687703 
2496.992188 417.6257320000004 
2492.770462535156 4439.585113458983 
2480.34240771875 4498.671874859374 
2460.063705917969 4554.362029861328 
2432.2900395 4606.0925291250005 
2397.377090832031 4653.300323310548 
2355.68054228125 4695.422363078125 
2307.556076214844 4731.895599087891 
2253.359375 4762.156982 
186.887054921875 5743.163222845704 
137.3400883125 5781.6424556406255 
94.85549960937499 5826.205367646486 
59.76562525 5876.165771125001 
32.402801671875 5930.837478337891 
13.099365312499998 5989.534301546875 
2.187652609375 6051.570053013673 
0.0 6116.258545000001 
232.84095766210936 12568.790435847657 
259.39514167187497 12645.22216796875 
299.6099091894531 12714.04220573047 
351.79199237499995 12773.7390135 
414.24812338867184 12822.801055644532 
485.285034390625 12859.716796531251 
563.2094575410156 12882.974700527344 
646.328125 12891.063232 
PIECE 3 
QUANTITY 5 
NUMBER OF VERTICES 77 
VERTICES (X,Y) 
14017.780380392578 12890.544204232421 
14095.685425015627 12867.285766171875 
14166.708450537111 12830.368575681641 
14229.155273625001 12781.303710625 
14281.331710947266 12721.602248865234 
14321.543579171876 12652.775268265625 
14348.096694966796 12576.333846689453 
14359.296875 12493.789062 
14578.827896138671 6059.102248789062 
14567.915649484376 5997.0709225625 
14548.610763681641 5938.380355554687 
14521.245117375001 5883.715819999999 
14486.150589208986 5833.762588132811 
14443.659057828127 5789.2059321875 
14394.102401876953 5750.731124398438 
14337.8125 5719.023437 
12273.394317626953 4739.4651027929685 
12225.279541015625 4702.99133271875 
12183.589935302734 4660.867843347656 
12148.681640625 4613.657226250001 
12120.91079711914 4561.922072996094 
12100.633544921875 4506.22497515625 
12088.206024169922 4447.128524300781 
12083.984375 4385.195312 
12076.142578125 340.30700654687644 
12052.65625 261.71386687500126 
12013.583984375 189.58801226562537 
11893.321533484374 69.68627887500043 
11821.074219125 30.820312249999915 
11742.410888953124 7.569579999999405 
11657.5 0.0 
4345.508518631104 27.332648730956862 
4260.859527923829 40.43243358203108 
4178.922558102296 61.567344165527174 
4100.184326390625 90.31005809374983 
4025.1315500129394 126.23325297900374 
3954.2509461933596 168.90960643359358 
3888.029232156006 217.91179606982405 
3826.953125125 272.81249949999983 
3771.509342324463 333.1843943364256 
3722.184600978516 398.6001581914061 
3679.4656183112797 468.6324686772459 
3643.8391115468753 542.8540034062498 
3615.791797909424 620.8374399907225 
3595.810394623047 702.1554560429686 
3584.381618911865 786.3807291752928 
3581.992188 873.0859369999998 
3664.7100835 4336.832275171873 
3643.6962895 4418.349609125 
3606.48864775 4493.6120602656265 
3486.39587403125 4619.266357203123 
3412.88574225 4659.843749874999 
3332.3956300937502 4684.483642359373 
3245.273438 4693.632812 
748.4616851816406 4741.178283546875 
664.9542236406251 4754.5141599375 
584.7618866230468 4775.690612546875 
507.934570375 4804.68749975 
434.52217114257815 4841.484679921875 
364.574585171875 4886.0620114375 
298.1417087089844 4938.399352671875 
178.12744188476563 5064.007339142578 
128.869629328125 5132.744750765625 
87.51831088867186 5204.639816162109 
54.091797125 5279.6435546249995 
28.608398595703125 5357.706985447265 
11.086425859375 5438.781127921875 
1.5441894746093752 5522.817001341797 
0.0 5609.765625 
203.08929443359375 12569.133681894531 
229.18701171875 12646.94152803125 
269.06524658203125 12717.173385339844 
321.07421875 12778.22753875 
383.56414794921875 12828.502273191407 
454.88525390625 12866.39587359375 
533.3877563476562 12890.306624886718 
14017.780380392578 12890.544204232421 
PIECE 4 
QUANTITY 5 
NUMBER OF VERTICES 185 
VERTICES (X,Y) 
13814.590090563996 21410.450057484377 
13910.71588390384 21373.790893062498 
13993.848513228058 21316.670608046876 
14061.08209474759 21242.80761675 
14109.510744673371 21155.920333484377 
14136.22857921634 21059.7271725625 
14138.329714587433 20957.946548296874 
14112.908266997589 20854.296875 
12722.96427820427 17270.48818451121 
12705.26206510318 17208.885643026213 
12688.000530003248 17138.103327017063 
12671.175450213408 17058.43500095581 
12654.782603042584 16970.17442931451 
12638.817765799711 16873.61537656522 
12623.276715793714 16769.051607179983 
12608.155230333525 16656.77688563086 
12579.154062286285 16410.26964392917 
12551.780480129424 16136.443767236575 
12526.00070233438 15837.649371329499 
12501.780947372588 15516.236571984375 
12479.087433715484 15174.555484977629 
12457.886379834503 14814.956226085691 
12438.14400420108 14439.788911084988 
12419.826525286653 14051.40365575195 
12402.900161562653 13652.150575863005 
12387.33113150052 13244.379787194579 
12360.129946247589 12412.685546624998 
12337.952717299346 11575.121860254636 
12320.529192427277 10750.489654294921 
12313.515615198394 10348.898145910125 
12307.58911940286 9957.589854957274 
12302.715923512114 9578.914897212795 
12298.862245997589 9215.223388453123 
12295.994305330718 8868.865444454681 
12294.07831998294 8542.191180993897 
12293.08050842569 8237.550713847198 
12292.967089130401 7957.294158791017 
12293.70428056851 7703.771631601776 
12294.381298584913 7587.770039637395 
12295.258301211456 7479.333248055911 
12296.331065757064 7378.7550213293725 
12297.595369530669 7286.329123929841 
12299.046989841201 7202.349320329366 
12305.465951916807 7085.585184095857 
12317.666929757599 7036.469039911375 
12336.792584488405 6980.247831332243 
12362.350863077669 6917.408447244139 
12393.849712493837 6848.4377765327445 
12430.797079705355 6773.822708083739 
12519.069155388215 6609.606933515624 
12623.23066587381 6428.656234625243 
12739.345186909699 6234.865722498045 
12863.476294243437 6032.130508219481 
12991.687563622589 5824.345702874998 
13244.604891507353 5409.207763330076 
13361.438101508085 5209.644851300534 
13466.605776544462 5020.612792546872 
13556.171492364041 4846.006698154539 
13593.873482988645 4765.330609808072 
13626.198824714384 4689.721679208982 
13652.655464509702 4619.666795242949 
13672.751349343047 4555.652846795652 
13685.994426182862 4498.16672275278 
13691.892641997589 4447.695312 
13785.226458520292 2036.6013045959407 
13757.487124397978 1812.0078274238258 
13706.086901595 1595.0751397312015 
13632.422427075713 1386.9635007656252 
13537.890337804472 1188.833169774658 
13423.887270745634 1001.844406005861 
13291.809862863554 827.1574687067841 
13143.054751122589 665.9326171249995 
12979.018572487092 519.3301105080573 
12801.097963921418 388.51020810351474 
12610.689562389924 274.633169158933 
12409.190004856964 178.85925292187312 
12197.995928286897 102.34871863989247 
11978.503969644074 46.26182556054846 
11752.110765892854 11.758832931394863 
11520.212953997589 0.0 
7423.637401078949 3.6972796902773553 
7338.490942925812 14.514608377685363 
7259.864098036103 32.040220487091574 
7187.339571907746 55.86235044335626 
7120.500070038666 85.56923267135426 
7058.928297926789 120.74910159594583 
6949.918764966339 205.88073723437265 
6856.972617009796 307.96313275756984 
6776.7514980405585 423.70216356445235 
6705.917052042024 549.803705053957 
6641.13092299759 682.9736326249986 
6516.350191704621 957.3421476074218 
6449.6788774228835 1091.9524858166478 
6375.70245602884 1220.4547117031252 
6291.08257150589 1339.5547006657725 
6192.480867837433 1445.9583281035157 
6076.558989006867 1536.371469415284 
6011.0597476506055 1574.5521938360907 
5939.9785789975895 1607.5 
1688.1336459948539 3344.9893337261055 
1542.3626663009031 3413.5047578371596 
1404.410370590244 3484.7046869353944 
1274.1074265373838 3558.5287856230498 
1151.2845018168296 3634.9167185023507 
1035.772264103088 3713.808150175537 
826.0025203940734 3878.8601683125016 
643.4435368063965 4053.2021568518066 
486.7406547361145 4236.351432611329 
354.53921557928464 4427.825312408935 
245.48456073196408 4627.141113062498 
158.22203159020995 4833.816151389889 
91.39696955007933 5047.367744208983 
43.65471600762938 5267.313208337648 
13.640612358917233 5493.169860593749 
0.0 5724.455017795164 
1.3782203269348159 5960.685996759763 
16.420614735778805 6201.380114305419 
43.77252462258911 6446.054687249998 
82.07929138342286 6694.227032411374 
129.98625641433716 6945.414466607421 
186.13876111138916 7199.134306656004 
249.18214687063596 7454.903869374997 
390.5229271599426 7970.661430095701 
543.1713284507141 8488.825683312498 
696.2900819114074 9005.535163568355 
839.0419187104796 9516.928405406248 
903.1435968520507 9769.424728963133 
960.5895700163879 10019.14394336914 
1010.0251795995483 10265.603365442137 
1067.362327746521 10655.653740903716 
1080.3837098015442 10828.408031046143 
1089.38479671875 11024.97859201169 
1094.5904720542298 11243.760833384767 
1096.2256193640746 11483.150164749788 
1094.5151222043762 11741.541995691165 
1089.6838641312256 12017.331735793305 
1081.9567287007142 12308.914794640626 
1071.5585994689334 12614.686581817537 
1058.714359991974 12933.042506908449 
1043.6488938259279 13262.377979497773 
1026.587084526886 13601.088409169923 
987.373970754181 14300.21577810034 
942.8740871225892 15017.587890375 
894.8865020808412 15740.36802266919 
845.2102840776673 16455.719451658202 
795.6445015617982 17150.805454017333 
771.4652325018311 17486.737444171722 
747.9882229819642 17812.789306421873 
725.4383565582888 18127.356450352203 
704.0405167868959 18428.83428554712 
684.019587223877 18715.618221591034 
665.6004514253236 18986.10366806836 
649.0079929473268 19238.686034563507 
634.467095345978 19471.760730660888 
622.2026421773683 19683.723165944917 
587.7969539663393 20561.4791107168 
576.1754786225891 21257.238159171873 
574.5744500913391 21958.009719822265 
579.9932274975891 22661.557617125 
599.8876366225892 24068.037719515625 
608.3619865913391 24766.49757351758 
620.5186638374329 25544.294356964845 
645.3588280288392 25624.02038553125 
684.6414360796203 25696.234512207033 
736.6338524975891 25759.2041015 
799.6034417905579 25811.196517917968 
871.8175684663391 25850.47912596875 
951.5435970327454 25875.319290160158 
1037.048891997589 25883.984375 
3212.326983263214 25875.317687966795 
3292.4498926850893 25850.473632734374 
3365.1542840757143 25811.186218103514 
3428.567446247589 25759.189452875 
3480.816668013214 25696.21734584961 
3520.029238185089 25624.003905828125 
3544.3324455757142 25544.28314161133 
3551.853578997589 25458.789062 
3496.8860040679015 21687.71514892578 
3521.195009872589 21607.81982421875 
3560.4097163022766 21535.391540527344 
3612.659243247589 21472.2265625 
3676.0727105991514 21420.121154785156 
3748.779238247589 21380.87158203125 
3828.907946083527 21356.27410888672 
13814.590090563996 21410.450057484377 
PIECE 5 
QUANTITY 5 
NUMBER OF VERTICES 98 
VERTICES (X,Y) 
8963.974275870605 8181.083335953369 
9081.616592673829 8166.079406861328 
9200.777426010252 8140.9886552331545 
9320.173950412109 8106.313476703125 
9438.523340411619 8062.556266905518 
9554.542770541015 8010.21942147461 
9666.949415332518 7949.8053360446775 
9774.460449318358 7881.81640625 
9875.793047030762 7806.755027724854 
9969.664383001951 7725.123596103515 
10054.791631764158 7637.424507020263 
10129.891967849608 7544.160156109375 
10193.682565790526 7445.832939005127 
10244.88060011914 7342.945251341796 
10282.203245367677 7235.999488753662 
10384.212799195313 6472.562560890625 
10457.100830083986 5830.3588865 
10523.153533871095 5195.680846921875 
10582.49267569336 4565.322265375 
10681.517333990236 3304.7387692499997 
10721.446380738282 2668.101501109375 
10754.505615302733 1855.5303952187496 
10740.97900394336 1687.3583981249994 
10686.574280093108 1276.6832966587226 
10661.770877707764 1206.7844004455565 
10626.412732504183 1138.820070732757 
10581.05667107422 1072.8012080175777 
10526.259520009737 1008.7387127972715 
10462.57810590259 946.6434855690914 
10390.569255344635 886.5264268302926 
10310.789794927736 828.3984370781254 
10130.146350884523 718.153266522706 
9925.102386507813 615.995177880859 
9700.11251453247 522.0113751306144 
9459.63134769336 436.2890622499999 
9208.113498725343 358.9154432170417 
8950.01358036328 289.9777220097658 
8689.786205342041 229.56310260620012 
8431.885986396484 177.7587889843744 
8180.7675362614755 134.65198512231473 
7940.885467671875 100.32989499804717 
7716.694393362548 74.87972258959962 
7257.098350812012 43.91756057739258 
6990.282898236328 31.565093994140625 
6713.700142193848 21.29659652709961 
6428.847656537109 13.077392578125 
5840.3237917910155 2.648162841796875 
5236.691894818359 0.0 
4629.932556439453 4.855499267578125 
4032.0263674746097 16.937255859375 
3454.953918744141 35.967864990234375 
3177.974281598145 48.00230026245117 
2700.651483740479 79.22190665649396 
2477.435989523438 109.10667417382774 
2244.694547754639 150.69771762377877 
2006.0723877714845 203.36853020312446 
1765.2147389113773 266.49260510864224 
1525.7668305117188 339.4434355371104 
1291.3738919099121 421.5945146853037 
1065.6811524433595 512.3193357500004 
852.333841449463 610.9913919279788 
654.977188265625 716.9841764160155 
477.25642222924813 829.6711824108897 
322.8167726777344 948.4259031093752 
195.3034689484863 1072.621831708252 
142.78333093515013 1136.5644655943306 
98.36174037890623 1201.632461404297 
62.49435094692993 1267.747505787749 
35.63681630639648 1334.8312853942862 
18.2447901244812 1402.8054868735044 
0.0 2062.3018646230466 
6.335449083984375 2651.149291984375 
27.20947250390625 3238.3368682597647 
60.051269443359374 3824.0673827499995 
102.29003908593751 4408.543624755859 
151.35498061523438 4991.968383578125 
275.80405140249644 6317.058492398956 
293.09424420239264 6468.7018294104 
311.76332132052613 6611.659630037445 
332.023849609375 6746.186904408203 
354.08839592141726 6872.538662650788 
378.16952710913085 6990.9699148933105 
404.47981002499387 7101.735671263886 
433.23181152148436 7205.090941890625 
464.63809845108034 7301.290736901642 
498.9112376662598 7390.590066425049 
576.9083403632812 7549.507369521484 
668.923654432373 7683.882932204834 
776.6577146933594 7795.7568355 
901.8110559660645 7887.169160431885 
1046.0842130703124 7960.159988025391 
1211.177720825928 8016.76939930542 
1398.7921140527344 8059.037475296875 
1610.6279275705567 8089.004297024659 
1848.3856961992187 8108.709945513672 
2113.765954758545 8120.194501788818 
2257.3459348934025 8123.491395666473 
8963.974275870605 8181.083335953369 
PIECE 6 
QUANTITY 5 
NUMBER OF VERTICES 152 
VERTICES (X,Y) 
7932.382813 21526.640625 
12684.332046865235 21501.046295666016 
12819.138794234374 21466.978760265625 
12944.201584142576 21411.870575451172 
13055.512695624999 21336.865234875 
13149.064407716796 21243.106232189453 
13220.848999453125 21131.737061046875 
13247.326212386473 21069.806004070557 
13266.858749869141 21003.90121509961 
13278.945646780518 20934.165630840576 
13283.085938 20860.742188 
13292.952423595703 19701.97013855078 
13321.427002453125 19602.084350593752 
13366.822357677735 19510.583877589845 
13427.451172375 19429.350586 
13501.62612965039 19360.266342285155 
13587.659912609375 19305.21301290625 
13683.865204357422 19266.072464324217 
14010.209732390624 19222.40928685547 
14244.29260275 19195.16784696875 
14477.863693359377 19153.441849035156 
14590.413694470704 19124.159517580567 
14697.9833985 19087.67089875 
14798.955354732421 19042.78094325537 
14891.712112453126 18988.294601808593 
14974.636220947265 18923.016825121584 
15046.1102295 18845.75256390625 
15104.516687396484 18755.30676887451 
15148.238143921875 18650.484390738282 
15175.657148361328 18530.090380209473 
15185.15625 18392.929688 
15178.293914794922 13832.667560577393 
15158.88427734375 13740.016021728516 
15128.693389892578 13655.404872894287 
15089.4873046875 13577.662353515625 
15043.03207397461 13505.616703033447 
14991.09375 13438.096160888672 
14877.83203125 13311.943359375 
14763.83056640625 13189.829864501953 
14663.2177734375 13062.381591796875 
14622.347259521484 12993.72751235962 
14590.1220703125 12920.22445678711 
14568.30825805664 12840.700664520264 
14558.671875 12753.984375 
14339.864120839844 6147.970886230469 
14315.631714156249 5700.19287109375 
14254.135742499999 4795.99609375 
14185.16174359375 3890.71533203125 
14102.859878874999 2888.3892822265625 
14065.8990480625 2788.154296875 
14011.749191406252 2698.0853271484375 
13942.45605475 2620.09765625 
13860.0653839375 2556.1065673828125 
13766.6229248125 2508.02734375 
13664.17442321875 2477.7752685546875 
13554.765625 2467.265625 
11767.051010466796 2478.7104797578104 
11661.141967984375 2511.531982499997 
11565.141677978518 2563.4605409296855 
11481.333007875 2632.2265627499983 
11411.99882509961 2715.560455664061 
11359.421997078125 2811.1926273749996 
11325.885391236328 2916.853485585936 
11313.671875 3030.273438 
11265.354614328126 8486.4514164375 
11234.995117375001 8531.48437525 
11189.950561734377 8561.8395996875 
11103.72572898877 8560.486698156252 
11064.600753785156 8525.035553000002 
11018.622026446777 8469.607830093752 
10967.02087403125 8397.196045 
10911.02862359619 8310.792713281251 
10851.87660219922 8213.390350500002 
10729.01855475 7997.558594 
10608.297348144533 7773.6408999999985 
10551.816377802246 7666.131115343749 
10499.56359884375 7565.577393 
10452.77033832666 7474.972248531249 
10412.667923308592 7397.308197499999 
10380.487680847167 7335.577755468748 
10289.060936468504 7169.025803029785 
10213.984680654296 7030.339966175779 
10133.706856227782 6878.713150335447 
10049.702148859375 6716.1425784062485 
9963.445244219482 6544.625473285643 
9876.410827978514 6366.159057871093 
9705.908203375 5996.367187749998 
9549.991760412111 5622.744751222654 
9481.190071221925 5439.490127800291 
9420.458984453126 5261.269531468748 
9369.273185776125 5090.080185125484 
9329.10736086133 4927.9193116679635 
9301.436195379152 4776.784133993646 
9287.734375 4638.671875 
9094.072980968751 667.6511769470198 
9077.571029828126 603.7820439355455 
9052.967005007813 539.7357563742662 
9021.0150149375 476.1914066718746 
8938.083572765623 353.32489047851413 
8834.80957075 240.61523462499827 
8717.225876328124 143.4951783808574 
8591.3653569375 67.39746101562196 
8527.216558953125 38.92971043432408 
8463.260880015625 17.754821798826015 
8400.252428554688 4.5518875178204325 
8338.945313 0.0 
446.66763353515626 12.335586548830179 
336.43432659375003 47.64953614062324 
237.67623935546874 103.40263369335662 
152.792969 177.05566412499684 
84.18411270703126 266.0694123535104 
34.24926765625 367.90466329687115 
5.388031027343748 480.02220187304556 
0.0 599.8828130000002 
487.9801845605469 8922.785931051025 
533.63945009375 9527.933197376951 
643.3660889375001 10748.050537390624 
773.0466462500001 11977.431183115234 
917.1728517500001 13211.474609625 
1226.7291261875 15675.147705296875 
1381.1426545625 16895.57632460742 
1545.4956436213379 18237.82320984497 
1564.9288940644533 18358.78196730664 
1587.128410385498 18466.202249712645 
1612.9541016406251 18561.144409390625 
1643.2658768859865 18644.668798668212 
1678.9236451777344 18717.835769873047 
1720.7873155720217 18781.705675332763 
1769.716797125 18837.338867375 
1826.5719988928222 18885.79569832739 
1892.2128299316407 18928.13652051758 
1967.4991992976074 18965.421686273192 
2053.291016046875 18998.711547921874 
2150.4481892355952 19029.06645779126 
2259.830627919922 19057.546768208984 
2382.298241156006 19085.212831502686 
2611.344528677734 19139.454422140625 
2696.056518984375 19179.5904543125 
2771.6965488300784 19232.251816015625 
2837.114258125 19296.15722675 
2891.159286779297 19370.025406015626 
2932.6812747031254 19452.5750733125 
2960.529861806641 19542.524948140624 
2973.554688 19638.59375 
3062.534790060547 21112.459259388674 
3098.903808671875 21214.039306921874 
3152.9278566035155 21305.43319727539 
3222.490234625 21384.638672125002 
3305.4742435058597 21449.653473146485 
3399.763184015625 21498.475342015627 
3503.240356923828 21529.1020204082 
7932.382813 21526.640625 
PIECE 7 
QUANTITY 5 
NUMBER OF VERTICES 97 
VERTICES (X,Y) 
14124.305934920896 13170.830354196045 
14207.269210814451 13158.664931771484 
14374.882278384765 13111.587523984375 
14538.212509017576 13036.444625486329 
14689.422073134765 12935.952148125 
14758.032283506836 12877.048539822998 
14820.673141158204 12812.826003748047 
14876.364917391602 12743.624028881104 
14924.127883509766 12669.782104203125 
14962.98231081543 12591.639718695069 
14991.948470611329 12509.53636133789 
15010.046634200196 12423.811521112548 
15016.08630132959 11873.400973773681 
15015.777282255858 11426.569365955078 
15015.85495905127 10992.239512897217 
15016.804275103515 10568.341063953125 
15023.257598529297 9743.55697581836 
15039.016799634766 8935.654296375 
15067.961425521486 8128.0702204472655 
15088.590631227053 7719.221782184326 
15113.971023291017 7304.241942859375 
15144.587545101074 6881.060351825439 
15180.925140044921 6447.606658435547 
15223.468751510252 6001.810512042724 
15282.244872710937 5425.5563351132805 
15287.058181494142 5297.49023415625 
15286.760940259766 5020.185546749999 
15280.33332783789 4739.467773218748 
15277.483672636718 4607.135314605468 
15265.810241240233 4375.869063832031 
15235.622634478515 4273.54919384375 
15187.643584857422 4180.2005763085945 
15123.782424634766 4097.8662105 
15045.94848606836 4028.589095691408 
14956.051101416017 3974.4122311562496 
14855.999602935546 3937.3786161679673 
14747.703322884765 3919.53125 
13406.508559701171 3817.9632563359373 
13306.460647103515 3780.927733875 
13216.575088021484 3726.7535395390623 
13138.758010384765 3657.48046825 
13074.915542123046 3575.1483149296873 
13026.953811166015 3481.7968745 
12996.778945443359 3379.4659418828123 
12986.297072884765 3270.195312 
12973.094558257813 488.79997219922006 
12935.55732686914 376.6717527187502 
12876.790847457032 273.7674711914042 
12799.900588759765 183.01269524999952 
12707.992019515623 107.33299252734287 
12604.17060846289 49.65393065624994 
12491.541824339842 12.901077269531015 
12373.211135884765 0.0 
3319.158095855469 11.55021667382789 
3212.854690150391 44.66247557812494 
3116.57081571875 97.02919003710849 
3032.615432509766 166.34277337499952 
2963.297500472657 250.29563891601356 
2910.925979556641 346.5801999843752 
2877.8098297109377 452.8888699042982 
2866.258010884766 566.9140619999998 
2857.595901509766 3603.546981476564 
2832.468948384766 3698.2513425625 
2792.166214009766 3785.7111357421854 
2737.976760884766 3864.3603514999995 
2671.189651509766 3932.6329803203116 
2593.093948384766 3988.9630126875 
2504.978714009766 4031.7844390859373 
2408.133010884766 4059.53125 
484.7480769140625 4443.376922607422 
401.2928004316406 4482.078857421875 
326.51763870703127 4532.819976806641 
261.47773700976563 4594.423828125 
207.22824060937498 4665.713958740234 
164.82429477539063 4745.513916015625 
135.32104477734373 4832.647247314453 
103.50906359765625 5099.425353982422 
84.37385540039062 5282.934570234374 
43.704299759765625 5665.712890375 
10.190505931640626 6045.664062078125 
0.0 6225.639342783203 
8.778152416015626 7907.82897928125 
41.194534134765625 9415.805664 
85.79109172851562 10923.58459471875 
141.7089079375 12603.732910134766 
155.23384068164063 12750.910644453124 
181.86363187109373 12877.445068201172 
202.1044346184082 12932.743301188233 
228.03535425976563 12982.607421625 
260.46102488940437 13026.946334542235 
300.18608060156254 13065.668944970703 
348.0151554904786 13098.684157941163 
404.7528836503907 13125.900878484375 
471.2038991755372 13147.228011631103 
548.1728361601563 13162.574462412109 
636.4643286984863 13171.849135858154 
14124.305934920896 13170.830354196045 
PIECE 8 
QUANTITY 5 
NUMBER OF VERTICES 92 
VERTICES (X,Y) 
12602.654056753661 13027.916069030762 
12695.77743544531 13027.133483886719 
12780.839824774655 13024.684181213379 
12858.071594306639 13019.63134765625 
12927.7031136062 13011.03816986084 
12989.96475223828 12997.967834472656 
13045.086879767823 12979.483528137207 
13093.299865759765 12954.6484375 
13134.834079779052 12922.525749206543 
13169.919891390626 12882.178649902344 
13198.787670159425 12832.67032623291 
13221.667785650392 12773.06396484375 
13238.79060742847 12702.422752380371 
13250.386505058596 12619.809875488281 
13256.685848105713 12524.288520812988 
13257.919006134765 12414.921875 
13155.172920019777 3348.066825784179 
13131.53442363672 3257.1493528828105 
13095.490073990968 3180.6180189150364 
13049.120178087891 3116.0620114999983 
12994.505042932862 3061.0705182568345 
12933.724975531251 3013.2327268046865 
12801.991272009765 2929.37499975 
12670.561523566405 2845.2023312890633 
12610.16140001245 2796.970863079103 
12556.07818624414 2741.4282223750015 
12510.392189266844 2676.163596795901 
12475.183716085936 2598.7661739609393 
12452.533073706785 2506.8251414892584 
12444.520569134766 2397.929687 
12432.96699552539 452.8888699042982 
12399.845886509765 346.5801999843752 
12347.46665980664 250.29563891601356 
12278.138733134765 166.34277337499952 
12194.171524212888 97.02919003710849 
12097.874450759766 44.66247557812494 
11991.556930494142 11.55021667382789 
11877.528381134765 0.0 
2789.9709321289065 11.55021667382789 
2683.672790525391 44.66247557812494 
2587.389602570313 97.02919003710849 
2503.431701509766 166.34277337499952 
2434.109420589844 250.29563891601356 
2381.733093056641 346.5801999843752 
2348.6130521562504 452.8888699042982 
2337.059631134766 566.9140619999998 
2325.5061338203127 3321.553039072267 
2292.385558869141 3427.8564448906254 
2240.0077817695314 3524.1403194824234 
2170.682678009766 3608.095702875 
2086.720123078125 3677.4136350957015 
1990.4299924628906 3729.7851561718744 
1884.1221616523437 3762.901306130858 
1770.1065061347656 3774.453125 
484.71744564965826 3779.5372009221173 
406.2139895039063 3794.3084716582016 
335.6669237243653 3818.0455016628403 
272.77984633789066 3850.0268553906244 
217.2563553713379 3889.5310972961415 
168.8000488515625 3935.8367918339827 
127.11452480541993 3988.222503458739 
91.90338125976564 4045.966796625 
39.718627777343755 4174.645385400392 
9.874572619140626 4316.101073796875 
0.0 4464.562377451173 
62.05963163476562 5172.2900389999995 
91.26373319726562 5452.5860595625 
147.14420346752928 5868.567886264649 
171.9274905 6024.055175617188 
199.66381097094725 6191.515731583008 
229.66217061914062 6368.8159176875 
293.68103040234377 6744.400634414062 
358.4561157597656 7133.740234 
418.4594726015625 7519.765624648437 
444.9442671760254 7706.20140043457 
468.1631468378907 7885.4077145625 
487.42511732592783 8055.250930557618 
502.0391843789063 8213.597411945313 
511.3143537355957 8358.313522250977 
514.5596311347656 8487.265625 
522.9409025175781 12306.56158399414 
548.8925169472657 12458.041991765625 
593.6261748457032 12604.468688623047 
658.3535766347657 12739.189452875 
698.5935878701173 12800.081290995362 
744.2864227363282 12855.552062830078 
795.5835437861329 12904.770240667725 
852.6364135722656 12946.904296796874 
915.596494647461 12981.122703506104 
984.615249564453 13006.593933083985 
1059.8441408759766 13022.486457819092 
12602.654056753661 13027.916069030762 
PIECE 9 
QUANTITY 5 
NUMBER OF VERTICES 141 
VERTICES (X,Y) 
10855.75757986548 22775.799636361327 
10961.301479351807 22743.748168515624 
11059.289531658447 22693.12705956836 
11147.110195054931 22626.225585625 
11222.15192781079 22545.333022791016 
11281.803188195556 22452.738647171875 
11323.45243447876 22350.731734873047 
11344.488124929932 22241.601562 
11495.905437217043 20609.451674916018 
11525.892543664308 20522.000121578123 
11568.877391775633 20442.001876357423 
11623.780117054932 20370.649413625 
11689.520855006103 20309.135207751955 
11765.019741133057 20258.651733109375 
11849.196910939698 20220.391464068358 
12034.122667312746 20178.85862349902 
12135.044689117432 20161.27120969531 
12352.59786592993 20120.157470625 
12578.41917024243 20065.72280867969 
12797.295741929931 19991.484374749998 
12899.375734250243 19944.912852944337 
12994.014720867432 19890.959319726564 
13079.311094265868 19828.81341895801 
13153.363246929932 19757.6647945 
13214.269571343993 19676.70309021387 
13260.128459992433 19585.11794996094 
13289.03830535962 19482.099017602537 
13299.097499929932 19366.835937 
13293.312864380616 13658.266467635985 
13276.867656769777 13503.443145416015 
13251.124925653075 13337.402095523192 
13217.447719586182 13161.741943140623 
13177.199087124754 12978.061313451413 
13131.742076824463 12787.95883163867 
13030.655116929931 12394.882812374999 
12925.0912283479 11995.302886814452 
12825.95479952368 11602.008056421873 
12782.204503909912 11411.714114871336 
12744.150218902589 11227.787322662109 
12713.154993057375 11051.826304977294 
12653.442859644289 10544.111156046143 
12618.889064707277 10209.680022837892 
12558.609218398684 9557.484130578126 
12511.886501043215 8920.850372060548 
12480.865077679933 8291.787109125 
12467.689113347902 7662.302703611327 
12474.502773086184 7024.405517359373 
12486.075763556399 6699.804744531491 
12503.45022193384 6370.103912208982 
12526.89416884839 6034.304065621825 
12556.675624929932 5691.40625 
12951.761150277587 1637.0493311660175 
12955.609340461182 1523.045043453123 
12955.303554179933 1280.2978511249967 
12950.068568773682 1035.126342484371 
12947.755260051026 918.0916593808579 
12941.30317646802 737.1804713378915 
12925.417842468996 665.551681375 
12900.012168512942 594.0326402714854 
12865.961513179933 523.3392331875002 
12775.426692703371 387.2928617187499 
12660.816249679932 263.1396482499986 
12529.133052750243 156.60667406249922 
12387.379970554932 73.42102043749765 
12314.91561893286 42.37315173632669 
12242.559871734618 19.309768656246888 
12171.188087540282 4.946756357421691 
12101.675624929932 0.0 
7889.287732920685 6.495474576935521 
7804.190073090332 25.455617904539395 
7724.205790828704 56.091009378025774 
7648.954906525634 97.61222839257971 
7578.057440570953 149.22985434341535 
7511.1334133544915 210.1544666257323 
7447.802845266083 279.5966446347302 
7387.685756695556 356.7669677656231 
7275.57209966748 531.1343669738744 
7171.752605388917 726.9412994121085 
7073.187436978516 937.872400241944 
6976.836757554932 1157.6123046249995 
6879.660730236817 1379.8456477228974 
6778.619518142822 1598.2570646972672 
6670.6732843916025 1806.5311907097166 
6552.782192101807 1998.3526609218752 
6489.157374979523 2086.120098590851 
6421.90640439209 2167.4061104953616 
6350.64930072934 2241.4212760306073 
6275.006084381103 2307.3761745917946 
6194.596775737212 2364.481385574123 
6109.041395187499 2411.947488372796 
6017.959963121795 2448.9850623830207 
5920.9724999299315 2474.804687 
2466.8428612365724 3172.218246458986 
2258.377285008057 3242.516479484373 
2050.201015396729 3334.7681426738272 
1852.5642965549316 3449.2529296249995 
1760.901469970215 3514.920148760495 
1675.7173726350097 3586.2505339355484 
1598.2932850683594 3663.2790468498533 
1529.9104877893067 3746.040649203125 
1471.8502613168944 3834.5703026950687 
1425.393886170166 3928.9029690253883 
1391.822642868164 4029.0736098937923 
1267.1150778049316 5058.422851249998 
1216.1153219768066 5521.015014218749 
930.2919577268066 8581.885985828125 
683.0281638049316 11189.638671375 
448.8381004455567 13797.318114734375 
342.7396965646973 15098.798064685547 
247.22249992993164 16397.460937 
0.0 20032.5350665166 
3.767452177978515 20118.469619585936 
14.506873978027343 20194.284505612304 
32.02840791430664 20260.601196 
56.14219650097655 20318.04116215332 
86.65838225219724 20367.225875476564 
123.38710768212889 20408.776807374023 
166.13851530493162 20443.31542925 
214.7227476347656 20471.46321250879 
268.94994718579096 20493.84162855469 
393.5738180080566 20523.776244624998 
538.4912678850097 20538.091048695314 
774.2423530273437 20543.556689721678 
836.0101123654786 20548.95828199219 
888.2999893256837 20557.970027469728 
931.9252582893067 20570.5993648125 
967.6991936376954 20586.853732678712 
996.4350697521974 20606.740569726564 
1036.0457418049316 20657.441405999998 
1057.263469498291 20722.76138289844 
1066.5944478830565 20802.7600096875 
1070.5448720100096 20897.49679563281 
1075.6209369299315 21007.03125 
1176.858501515869 22366.201248003905 
1213.8368798049316 22466.35070771875 
1267.987804468994 22556.346053699217 
1337.2664451799317 22634.2724605 
1419.627971609619 22698.215102675782 
1513.0275534299315 22746.25915478125 
1615.4203603127442 22776.489791371092 
10855.75757986548 22775.799636361327 
PIECE 10 
QUANTITY 5 
NUMBER OF VERTICES 201 
VERTICES (X,Y) 
7541.914234243897 9888.609905737305 
7634.237880851319 9904.274139882813 
7734.357700536864 9928.717136836915 
7841.220607976318 9960.577393 
8070.963344820068 10041.103668554688 
8315.041408788818 10134.96093775 
8565.030117288818 10231.257171789062 
8812.504787726317 10319.100341875 
8932.666645361081 10356.448268936523 
9049.040737507567 10387.598419210937 
9160.573978841552 10411.189289098633 
9482.461863063965 10444.77620124829 
9676.97828342749 10458.160781861328 
9852.866812249023 10466.135168078858 
10013.231716648193 10468.821411140625 
10161.17726374463 10466.341562286378 
10299.807720657958 10458.81767275586 
10561.540432413818 10429.125976625 
10823.2639888728 10380.722732666016 
10961.883001665039 10349.809408350342 
11109.812526991944 10314.584350796875 
11270.156831973145 10275.169611245361 
11446.020183728273 10231.687240935547 
11640.506849376954 10184.259291107177 
11936.61449441162 10109.488859676514 
12015.25121705249 10076.820297740234 
12092.040176620116 10035.716410179932 
12166.390285773192 9986.891479984375 
12305.409603470458 9868.935623642577 
12427.580471413818 9728.666992625 
12528.174190872802 9571.799850841797 
12568.90190156738 9488.92754588501 
12602.462063116942 9404.048462203125 
12628.263588180174 9317.876882784913 
12645.715389415771 9231.12709061914 
12654.226379482421 9144.513368694581 
12653.205471038818 9058.75 
12294.33163651123 4025.7332420405273 
12271.83881773999 3890.7493591523435 
12241.971311754884 3769.4340706333005 
12204.879665585695 3660.3137207812506 
12160.71442626221 3561.914653894044 
12109.62614081421 3472.763214269531 
12051.765356271484 3391.3857462055657 
11987.28261966382 3316.308594 
11839.053478372804 3179.160614355469 
11666.143093179444 3049.5300297187496 
11469.755840322021 2915.6275944726567 
11363.13475609375 2843.390293615723 
11094.815301900635 2657.3745923217775 
10953.417491933349 2558.240509511719 
10825.047063870363 2466.5947537192387 
10707.848415445069 2380.7702640937496 
10599.965944390871 2299.099979784667 
10499.544048441163 2219.9168399414048 
10313.65957278882 2062.34375025 
10135.350170355227 1894.7145082148454 
10044.397115928958 1802.9611779418956 
9949.77102300757 1703.6926270312506 
9849.616289324464 1595.2417946323258 
9742.077312613037 1475.9416198945328 
9625.298490606689 1344.125041967287 
9433.627901159667 1137.0331955012225 
9355.538768911865 1082.3086548066422 
9265.696897692384 1034.868507431398 
9166.642360898195 995.6298828906256 
9060.915231926272 965.509910699464 
8951.055584173586 945.4257203730485 
8839.603491037109 936.2944414265148 
8729.09902591382 939.0332033750001 
8622.082262200685 954.5591357336416 
8521.093273294679 983.7893680175766 
8428.672132592776 1027.6410297419425 
8347.358913491944 1087.0312504218746 
8279.693689389162 1162.8771595725084 
8228.216533681396 1256.095886708983 
8195.467519765625 1367.604561346434 
8186.90983891629 1430.5042319515087 
8183.986721038818 1498.3203130000002 
8172.722530386474 3014.6617131464845 
8143.026027757569 3114.364014171875 
8101.041317144287 3208.8935857050783 
8052.912502538818 3300.966797375 
8004.78368793335 3393.300018810547 
7962.798977320068 3488.609619640625 
7933.102474691163 3589.611969494141 
7921.746655009521 3851.611481048829 
7917.9411893044435 3986.058349828125 
7905.126018997802 4105.137176662109 
7878.005276163818 4211.621093875 
7831.283092876709 4308.283233791015 
7759.663601210694 4397.896728734375 
7712.862406008789 4440.926838192628 
7657.85093323999 4483.234711029298 
7593.967199413574 4525.166988784913 
7446.747188568115 4599.171982146485 
7369.644680023193 4619.838257046875 
7290.013484954834 4631.143264892578 
7208.625392913818 4635.1611328750005 
7043.665676116943 4629.631958015625 
6793.356466293457 4613.367748266113 
6716.900005341553 4601.520233175781 
6650.771722796875 4584.465885208496 
6594.172878273193 4562.369384843751 
6546.304731384278 4535.395412561036 
6506.368541743897 4503.708648839844 
6473.5655689658215 4467.473774159667 
6447.097072663819 4426.855469 
6409.9685479431155 4333.127289160157 
6388.593044491943 4223.84155315625 
6376.5806392204595 4100.315704824219 
6354.833565252686 3777.047548788574 
6340.587521077881 3567.7835850742185 
6325.111694789795 3340.665579299316 
6308.714504663818 3100.2838139062496 
6274.389705999756 2598.0901340351566 
6240.080471288818 2097.9248050000006 
6223.702736104247 1860.078478151856 
6208.254146734131 1636.5100863398438 
6194.0431214538585 1431.809912006349 
6181.378078538819 1250.5682375937504 
6175.721681179322 1170.178801121032 
6170.567436264404 1097.375345544433 
6165.953896078491 1032.7316561692496 
6161.919612906006 976.8215183007815 
6158.503139031372 930.2187172443246 
6155.743026739014 893.4970383051768 
6153.677828313355 867.2302667886361 
6120.532665273194 681.4286808984361 
6061.615505288819 522.0373539374996 
5977.908611429442 377.384186132811 
5871.725979038818 251.03515650000008 
5810.929384439209 195.83906194043084 
5745.381603460693 146.55624405468916 
5675.371885521239 103.63245021972762 
5601.189480038818 67.5134278125006 
5523.123636431396 38.64492420996248 
5441.463604116943 17.472686789064028 
5356.498632513429 4.442462926759617 
5268.517971038818 0.0 
3599.2219262299805 4.935722351074219 
3502.665844443115 19.32952880859375 
3403.1085495751954 42.561378479003906 
3301.5666775231934 74.01123046875 
3096.5957454548343 159.08477783203125 
2895.8861354138185 269.58984375 
2707.570934575928 400.56610107421875 
2539.7832301169437 547.05322265625 
2466.128778771973 624.5632553100586 
2400.6561092126467 704.0908813476562 
2344.3818573359376 785.0160598754883 
2230.450116850525 1003.7121522880861 
2166.819220001221 1132.2904492304697 
2107.05483831427 1252.9560006943375 
2050.781841613037 1366.2111665468765 
1947.2094824611818 1572.4997808867192 
1853.1011011325686 1755.1751711875004 
1765.4556562141115 1918.2562163867187 
1681.2721062927249 2065.761795421873 
1597.5494099553225 2201.7107872304678 
1511.2865257888184 2330.1220707499997 
1419.4824123801268 2455.0145249179677 
1319.136028316162 2580.4070286718743 
1207.2463321838381 2710.318460949218 
1080.8122825700684 2848.7677006875 
936.8328380617677 2999.773626824219 
772.3069572458496 3167.355118296875 
681.4012777809448 3258.6176007021486 
584.2335987092285 3355.531054042969 
480.4287898540649 3458.5978381865234 
319.5070458903808 3626.4141850703127 
265.7274439138183 3703.7158208125 
211.43880868725583 3794.8529057734377 
159.80703378881833 3894.4531255 
113.99801279663083 3997.1441655390627 
77.17763928881836 4097.5537114375 
52.511806843505866 4190.309448742188 
43.16640903881836 4270.039063 
0.0 9345.115061223878 
6.610774993896484 9460.865555166016 
18.941078186035156 9567.246656732177 
37.42544174194336 9664.683227828125 
62.49839782714844 9753.600130359619 
94.59447860717773 9834.422226232422 
134.1482162475586 9907.574377352295 
181.59414291381836 9973.481445625 
237.36679077148438 10032.568292956299 
301.900691986084 10085.259781251953 
375.63037872314453 10131.980772417724 
458.99038314819336 10173.156128359375 
552.4152374267578 10209.210710982667 
656.3394737243652 10240.56938219336 
771.197624206543 10267.657003897217 
897.4242210388184 10290.898438 
3107.0720486794435 10644.580078625 
3185.3490261638185 10640.976563 
3262.2124293356933 10625.771484875 
3339.0648460388184 10598.789063 
4308.1664090388185 10192.578125 
5488.605861788818 9887.514648875 
7541.914234243897 9888.609905737305 
