PIECE 1 
QUANTITY 5 
NUMBER OF VERTICES 31 
VERTICES (X,Y) 
0.0 1030.9431000000002 
12.760349999999988 121.424575 
42.96090000000001 108.89120000000003 
1200.0243 100.73540000000003 
1344.1163000000001 0.0 
1964.5821250000006 14.58411249999972 
1978.9978843750002 29.550620312499632 
1984.7527000000002 46.73169999999982 
1978.581040625 1059.4960453124995 
1963.2538499999998 1079.2732624999996 
1943.5528093749997 1095.0149734374997 
1924.2596 1102.2119999999995 
1762.2875203125 1114.9542859374997 
1745.4511375 1118.6569374999995 
1735.6382609374998 1129.9380953124996 
1730.0949 1154.4156999999996 
1714.5227796875001 1246.9028796874995 
1702.1574375 1270.3030124999996 
1685.9758515624999 1289.4144390624997 
1668.3533 1297.4626999999996 
730.9169515625 1293.5311812499995 
713.4784874999999 1282.2506499999995 
699.7165046874999 1266.5724187499995 
692.5775 1249.1923999999995 
662.6847375 1121.8070124999995 
634.0844 1109.2132999999997 
375.12120000000004 1099.8957999999998 
331.8801000000001 1077.2132999999997 
18.09669999999997 1062.8602124999998 
5.106499999999983 1048.0525828124996 
0.0 1030.9431000000002 
PIECE 2 
QUANTITY 5 
NUMBER OF VERTICES 25 
VERTICES (X,Y) 
1979.8228999999997 150.96789999999964 
1966.0123624999997 1059.2766499999998 
1935.9833999999996 1071.7549999999997 
1665.9065999999998 1077.4514999999997 
1599.6081999999997 1109.1509999999996 
1331.9727624999996 1121.6288374999995 
1319.5006999999996 1151.6706999999997 
1307.0915999999993 1277.9852124999998 
1277.0439999999994 1290.4634999999996 
326.3399812499995 1284.4721546874998 
302.47642499999955 1269.5382874999996 
282.53488124999956 1250.2386515624996 
273.16049999999956 1231.1469999999997 
248.08482499999957 1120.6041374999995 
215.98089999999956 1108.1508999999996 
12.475287500000007 1095.6731749999997 
0.0 1065.6311999999996 
12.780512499999986 12.476374999999734 
42.81989999999999 0.0 
647.0502375 5.880875000000287 
667.5786999999999 16.11640000000034 
786.0928625 101.68103750000046 
812.8262 108.7498000000005 
1967.3578874999998 120.92368750000014 
1979.8228999999997 150.96789999999964 
PIECE 3 
QUANTITY 5 
NUMBER OF VERTICES 23 
VERTICES (X,Y) 
0.0 885.3034999999998 
42.25659999999999 0.0 
1516.3698624999997 4.450799999999617 
1541.8799999999999 46.631900000000314 
1456.0287156250001 1661.2240281249997 
1433.870125 1672.8919749999998 
1348.5249125 1687.6068499999997 
1336.0370999999998 1717.6409999999996 
1323.5395374999998 1839.5360624999998 
1293.6419999999998 1852.0377999999996 
506.2876093749999 1838.3931515624997 
488.06549999999993 1805.7628374999997 
476.6062156249998 1766.9363046874996 
433.6647984374998 1649.9722406249996 
386.5381624999999 1578.4556999999995 
326.40167031249985 1517.2733343749996 
192.1738046874999 1427.6654296874997 
146.35741249999978 1395.8542874999996 
108.0478640624998 1355.4807515624996 
40.0086265624999 1214.3762234374997 
20.916262499999846 1130.2883124999998 
0.22341249999982438 929.3610124999998 
0.0 885.3034999999998 
PIECE 4 
QUANTITY 5 
NUMBER OF VERTICES 24 
VERTICES (X,Y) 
1524.6149500000001 29.839300000000094 
1469.70318125 1337.4560015625 
1459.49845 1355.3803125 
1446.97576875 1371.9700921875 
1435.56005 1382.6298 
973.3487500000001 1667.5246499999998 
925.6696375000001 1646.486825 
919.41155 1622.4220999999998 
985.3958124999999 1025.58785 
964.9802875 1025.58785 
960.75205 1035.6859 
874.844775 1756.4162625 
851.9175499999999 1767.6892 
499.22213750000003 1759.5200375 
484.62405 1737.2907 
419.82151250000004 1446.132434375 
399.11289999999997 1430.841725 
375.4978125 1419.085878125 
356.37275 1414.3835 
65.12464999999997 1408.1004 
28.426987499999996 1381.86515 
21.563649999999996 1365.4736 
0.0 0.0 
1524.6149500000001 29.839300000000094 
PIECE 5 
QUANTITY 5 
NUMBER OF VERTICES 57 
VERTICES (X,Y) 
1017.201041015625 0.0 
1038.5030890624998 16.63753261718739 
1072.6625109375 67.00428105468745 
1112.3046953125 117.04082324218734 
1140.460196484375 133.26559804687486 
1177.5204359374998 139.00421855468767 
1539.8526859374997 135.55780449218764 
1558.0041859375 143.4912560546877 
1567.9204609374997 159.9700388671872 
1582.8592984374995 276.3284435546875 
1589.2847359374996 363.6212185546874 
1584.8384906249998 1422.4537248046877 
1571.1252734374998 1458.3206185546874 
1547.5833624999996 1486.1001123046876 
1398.8612484374999 1495.7339685546876 
1262.0999683593745 1504.752976953125 
1246.4835328125 1518.4164919921875 
1229.5692609374996 1561.1400810546875 
1224.4891265624997 1612.7455638671875 
1222.5343359374997 1659.2567185546875 
1161.291090625 2221.9528685546875 
1140.3517734375 2255.1013685546877 
1112.2613375 2282.5911935546874 
1081.3925359374998 2294.0577185546877 
438.7113968750001 2289.5905107421877 
420.68689843749996 2277.4207560546874 
408.51714374999995 2259.3962576171875 
404.0499359375 2237.3648185546876 
399.582728125 1970.2221216796875 
387.4129734375 1952.1975935546875 
369.3884750000001 1940.0278279296876 
347.3570359375 1935.5606185546876 
188.79939687499984 1931.0934248046874 
170.77489843749993 1918.9236935546874 
158.6051437499999 1900.8991998046874 
154.13793593749995 1878.8677185546876 
143.22915156249996 1214.8597732421874 
117.15373593749996 1155.4980060546875 
85.88809531250001 1097.0026951171876 
53.821690624999974 1029.5140365234374 
49.50279843750002 997.4772623046874 
43.64883593749994 911.0877685546875 
39.806073437500004 820.3313998046874 
38.001181249999945 782.8360318359375 
20.95516562499995 620.3856576171875 
8.506048437499999 494.5581060546874 
0.0 368.4565607421878 
4.5677203125000005 202.60727480468768 
24.47253593749997 173.89429355468792 
51.694876562499985 152.24169980468787 
81.3646359375 143.6833185546875 
323.15071210937504 137.23801464843746 
346.4323578125001 120.24584980468762 
380.9836609375001 68.68341855468725 
413.3376515625001 17.120987304687333 
433.872656640625 0.12882246093749927 
1017.201041015625 0.0 
PIECE 6 
QUANTITY 5 
NUMBER OF VERTICES 47 
VERTICES (X,Y) 
1425.5110765625 130.26776269531274 
1595.4905013671867 120.55799882812539 
1623.0643124999995 104.73498925781269 
1664.1589140625 58.319875195312534 
1703.7735218749997 13.646204882812526 
1729.497340820312 0.0 
1940.005890625 23.36701738281249 
1956.7472390625 44.81477519531268 
1968.8859765625 99.80926269531255 
1969.9541515624999 785.4952126953124 
1956.8056593749995 896.4582986328123 
1943.7958390624997 914.3892501953123 
1925.4030624999994 926.6216080078124 
1903.4903765625002 931.1456626953124 
1703.0004375 935.6128564453124 
1684.9759390625002 947.7825876953124 
1672.806184375 965.8070814453124 
1668.3389765625 987.8385626953124 
1663.010528125 1269.1979361328126 
1648.7132890625005 1291.2644751953128 
1627.9794187500004 1307.2731330078127 
1603.3410765625001 1313.4483626953129 
758.0735375000002 1308.9811548828127 
740.0490390625 1296.8114001953127 
727.879284375 1278.7869017578128 
723.4120765625 1256.7554626953129 
722.5486234375 1125.4010470703129 
716.3851265625001 1108.3829126953128 
699.5618796874999 1101.2449783203128 
666.7191765625 1099.7968626953127 
242.02915624999991 1071.6453939453127 
189.59288906249992 1055.0589626953126 
136.42396562499994 1043.4536564453126 
37.23317656249992 1032.1692423828126 
18.06452656249985 1028.9845501953127 
8.949026562499967 1014.2313142578128 
6.374876562499935 977.5703626953126 
0.0 209.28921425781277 
5.887714062499981 192.31520019531285 
22.775209374999918 186.12249238281288 
150.5111421875 185.3924908203128 
235.9623015625 184.0379126953128 
321.1043484375 178.6114345703129 
469.0127187500001 156.6271080078127 
516.0214390625001 147.7420501953127 
564.3430531249999 141.17972363281274 
1425.5110765625 130.26776269531274 
PIECE 7 
QUANTITY 5 
NUMBER OF VERTICES 47 
VERTICES (X,Y) 
548.731 130.2678626953125 
1409.8989234375003 141.1797658203127 
1458.2205375000003 147.7420626953126 
1505.2292578125002 156.62710957031254 
1653.137628125 178.61143457031267 
1738.2796750000002 184.03791269531257 
1823.730834375 185.39249082031256 
1951.4667671874995 186.1225064453124 
1968.3542624999995 192.3152376953126 
1974.2419765624995 209.2892564453125 
1974.6999999999998 242.48776269531254 
1965.29295 1014.2313158203126 
1956.1774500000001 1028.9845626953124 
1937.0088000000005 1032.1692845703126 
1837.8180125000003 1043.4537564453126 
1784.6491 1055.0590626953126 
1732.2128625 1071.6454939453126 
1647.3435 1099.7968626953125 
1274.6801390625 1101.2449783203126 
1257.8568875 1108.3829126953126 
1251.6933671875 1125.4010470703126 
1250.8299000000002 1156.4897626953125 
1246.3626921875002 1278.7869017578125 
1234.1929375 1296.8114001953124 
1216.1684390625 1308.9811548828125 
1194.1370000000002 1313.4483626953124 
346.26255781249995 1307.2731330078125 
325.52868750000005 1291.2644751953126 
311.2314484374999 1269.1979361328126 
305.903 1244.8490626953126 
301.43579218749994 965.8071236328126 
289.26603750000004 947.7826251953127 
271.2415390625 935.6128705078127 
249.2101 931.1456626953126 
48.838928124999995 926.6216236328127 
30.44617500000004 914.3893001953127 
17.436359374999995 896.4583830078127 
4.287837500000023 785.4952626953125 
0.0 697.3216626953126 
17.494737500000042 44.81481269531241 
34.23608593749998 23.367031445312477 
244.7446359375 0.0 
270.46845625000003 13.646204882812526 
310.083075 58.319875195312534 
351.1777062499999 104.73498925781269 
378.7515421874998 120.55799882812516 
548.731 130.2678626953125 
PIECE 8 
QUANTITY 5 
NUMBER OF VERTICES 37 
VERTICES (X,Y) 
1205.182633984375 0.7952146484371951 
1230.8410281249999 16.977577148437376 
1266.0529 66.0826771484376 
1303.915721875 115.18777714843782 
1332.8878035156247 131.370139648438 
1373.3784999999998 137.50827714843763 
1595.77490625 144.08004589843767 
1636.888025 165.7261021484378 
1660.7628812499995 205.34257089843823 
1606.4813874999998 1398.1055896484377 
1610.5614000000003 1498.6829146484379 
1619.6996000000001 1546.3985771484377 
1616.1794281250006 2160.3127021484374 
1603.0511000000004 2207.3210771484373 
1576.462896875 2243.7007521484375 
1556.917680078125 2254.4213115234375 
1532.5631 2258.3044771484374 
91.17743906249996 2252.2753255859375 
49.62298749999991 2235.2522146484375 
14.680667187499921 2208.8316599609375 
3.9545318359374733 2192.5962523437497 
0.0 2174.6101771484373 
14.718687499999987 1661.5967037109374 
47.09979999999996 1609.6841896484375 
79.48091249999993 1558.0657693359376 
94.19960000000003 1504.3494771484375 
104.13215000000002 175.67282714843714 
143.4730513671875 137.50146894531235 
166.83687968749996 132.94546777343703 
227.08336250000002 130.94287714843767 
292.1239390625001 132.1844865234375 
366.52159589843745 120.34363710937487 
383.4085671875 103.66556933593756 
412.0500875 57.9207146484373 
443.06046406250016 14.17684121093771 
462.90850566406266 0.0 
1205.182633984375 0.7952146484371951 
PIECE 9 
QUANTITY 5 
NUMBER OF VERTICES 33 
VERTICES (X,Y) 
1404.6280750000003 0.9286796875003347 
1423.6370000000004 18.909467187500468 
1437.0736125000003 62.89484218750022 
1432.7243000000003 84.70236718750039 
1361.1739000000002 238.47906718750028 
1358.8717000000004 489.99546718750025 
1363.3329718750003 509.75203906250044 
1371.2317000000003 521.8790671875004 
1459.9702375000002 586.5345796875004 
1472.7673000000002 615.2185671875004 
1461.6637875000004 1489.5043671875005 
1432.9975000000002 1502.1077671875005 
965.7986375 1514.5855546875005 
953.3208000000002 1544.6273671875006 
940.8430750000002 1978.6304421875002 
910.8011000000001 1991.1081671875004 
401.798125 1978.6304421875002 
389.32040000000006 1948.5884671875003 
376.8426750000001 1794.5854921875002 
346.8007 1782.1077671875003 
12.477724999999964 1769.6300421875003 
0.0 1739.5880671875002 
10.832299999999975 733.7945671875 
68.00029999999998 653.6557671874998 
73.46902187500001 286.2850609375 
87.74407500000007 257.73276718750003 
107.62879062499997 234.32412343750002 
129.92650000000003 224.61936718749985 
761.8515249999998 210.2203796875001 
780.0011999999999 178.38166718750017 
815.9012374999998 12.957704687500154 
831.9527390624999 0.0 
1404.6280750000003 0.9286796875003347 
PIECE 10 
QUANTITY 5 
NUMBER OF VERTICES 30 
VERTICES (X,Y) 
1413.3956 2092.8190999999997 
1413.3676 2094.8115 
1405.6999718749998 2192.22858203125 
1390.98905 2219.013375 
1343.7314000000001 2279.069575 
1287.9653 2330.3965625 
1262.618815625 2346.26983984375 
1242.0179 2352.1407 
576.2186125 2340.8274125 
443.7864875 2087.1465203125 
393.68129999999996 2017.6416124999998 
334.5957625 1955.9603484374998 
155.07055000000003 1839.856525 
13.700775000000021 1773.456025 
3.764718749999986 1763.39445625 
0.0 1750.8346 
48.23807499999998 12.158850000000257 
77.97130000000004 0.0 
1571.6221 70.20171249999976 
1592.5197359375 137.78641093750002 
1594.2893625 173.0988625 
1592.8046828125 220.63670781249994 
1578.638584375 366.4457203124998 
1566.5910000000001 462.6492125 
1507.5433375 881.3084374999999 
1492.4636828125 988.6377984374999 
1461.9053312500002 1227.019496875 
1447.3729 1357.3694500000001 
1415.8719375 1863.0274875 
1413.3956 2092.8190999999997 
