PIECE 1 
QUANTITY 5 
NUMBER OF VERTICES 400 
VERTICES (X,Y) 
28188.966269226075 147.2600000000093 
7067.63426147461 307.6905856323283 
6713.301925964355 342.628122558599 
6356.818544311522 398.6237808227597 
5999.303398132324 474.9587304687593 
5641.87576904297 570.9141415405466 
5285.654938659667 685.7711840820411 
4931.76018859863 818.811028137221 
4581.3108004760725 969.3148437500204 
4235.426055908203 1136.563800964388 
3895.225236511229 1319.8390698242438 
3561.827623901365 1518.4218203735654 
3236.3524996948254 1731.5932226562727 
2919.9191455078144 1958.634446716329 
2613.6468429565466 2198.8266625976685 
2318.654873657233 2451.45104034424 
2036.0625192260777 2715.7887500000215 
1766.9890612792988 2991.1209616089036 
1512.5537814331037 3276.7288452148496 
1273.875961303711 3571.893570861823 
1052.0748825073242 3875.8963085937576 
848.2698266601583 4188.018228454588 
663.5800753784206 4507.540500488292 
499.12491027831857 4833.74429473879 
356.0236129760742 5165.910781250015 
235.39546508789135 5503.321130065931 
138.35974822998105 5845.256511230487 
66.0357440185544 6190.998094787603 
19.542734069822473 6539.827050781256 
0.0 6891.024549255366 
8.526823425294424 7243.871760253911 
46.24248596191319 7597.649853820811 
76.39590740203857 7774.663347206122 
368.9952438354485 9043.282683105484 
614.6341598510735 10121.40490234377 
851.8666305541992 11188.009787597679 
1081.3762692260752 12245.10046875001 
1303.8466891479547 13294.680075683602 
1519.9615036010764 14338.751738281266 
1935.8587692260735 16418.383750000023 
2334.536972351074 18500.021542968767 
2721.465019226074 20599.690156250013 
2912.2317672729478 21661.293845214852 
3102.1118161010745 22733.414628906263 
3291.7887789917004 23818.055637207042 
3624.444921569826 25793.891523437516 
3755.1379879760752 26686.400937500017 
3876.593632507327 27589.996757812507 
3991.380019226075 28499.927500000013 
4211.217675476077 30319.787812500013 
4321.4052731323245 31220.214414062517 
4524.945883483888 32821.79705566408 
4605.762558288574 33536.048476562515 
4678.278666687016 34250.70401855471 
4743.1265817260755 34965.743437500016 
4852.347323913575 36396.892929687514 
4938.4837692260735 37829.33500000002 
5006.594902038574 39262.90769531252 
5061.739706726075 40697.44906250002 
5166.462580261228 44155.2403833008 
5170.385820007323 44757.47822265627 
5166.098698425296 45373.37980224611 
5154.563925476075 46000.82140625001 
5136.744211120604 46637.67931884767 
5113.602265319823 47281.82982421876 
5055.20251922607 48583.51375000001 
4987.066366882322 49888.88345703126 
4916.895487976071 51180.94921875001 
4883.453800964351 51816.68383056641 
4852.391562194818 52442.721308593755 
4824.671481628415 53056.937937011724 
4800.413251647951 53707.269873046884 
4801.118691101074 53766.352890625014 
4807.434394226075 53905.63875000001 
4820.722284851072 54063.168359375006 
4841.501269226072 54227.04250000001 
4870.290253601073 54385.361953125015 
4907.608144226069 54526.227500000015 
4929.627587585448 54586.3965527344 
4953.973847351073 54637.739921875014 
4980.711786804197 54678.77020507814 
5032.994531860353 54727.545025024425 
5067.02213592529 54759.56387207032 
5111.223618164062 54803.197824096686 
5164.833515319824 54857.58816406251 
5227.086364135743 54921.87617492676 
5297.216701354981 54995.20313964844 
5374.459063720704 55076.710341186525 
5458.047987976075 55165.53906250001 
5547.218010864257 55260.83058654786 
5641.203669128419 55361.72619628908 
5840.560038757325 55576.894804687516 
6049.9933908081075 55804.1751513672 
6263.380019226075 56036.69750000001 
6474.596217956547 56267.59211425782 
6677.518280944823 56489.989257812515 
6866.022502136231 56697.01919433595 
6952.954263916017 56792.62466735841 
7033.985175476075 56881.812187500014 
7108.3497735595665 56963.72303771974 
7175.282594909666 57037.49850097658 
7234.018176269532 57102.27986022951 
7283.791054382327 57157.20839843751 
7323.835765991214 57201.425398559586 
7353.38684783936 57234.0721435547 
7371.678836669922 57254.28991638185 
7384.924306335452 57267.93484130861 
7404.624628601072 57287.342949218764 
7435.196552429195 57318.339699707045 
7474.789394226074 57359.82046875001 
7521.552470397954 57410.680632324234 
7573.635097351078 57469.815566406265 
7686.356269226075 57608.491250000014 
7798.147441101071 57767.010527343766 
7894.20314422607 57936.536406250016 
7931.703486022947 58022.66526123048 
7959.717909851071 58108.231894531265 
7976.395732116696 58192.13168212892 
7973.4968014526385 58361.07381591799 
7962.252870788576 58463.86740234376 
7946.881186218263 58578.79209228518 
7928.108456726077 58702.99921875002 
7883.266698913576 58967.86611328126 
7833.5412692260725 59235.67875000002 
7808.663949890135 59363.56805419923 
7784.745839538569 59483.64779296877 
7762.513647155756 59593.06929931643 
7742.694081726073 59688.98390625002 
7726.013852233889 59768.542946777365 
7713.199667663575 59828.89775390627 
7704.978236999508 59867.19966064455 
7655.962229003904 60156.9605395508 
7605.953713073726 60447.482910156265 
7552.400191040037 60751.18105224611 
7495.6511325073225 61067.06890625002 
7436.056007080078 61394.160412597674 
7373.964284362792 61731.469511718766 
7309.725433959957 62078.010144042986 
7243.688925476072 62432.796250000014 
7107.620812683104 63163.16064453127 
6968.55570281982 63914.67421875002 
6829.28935272216 64679.44849609377 
6692.617519226071 65449.595000000016 
6561.335959167478 66217.22525390628 
6438.24042938232 66974.45078125002 
6326.126686706539 67713.38310546876 
6275.061659545892 68073.52416748049 
6227.790487976072 68426.13375000001 
6184.662641601561 68770.22579345704 
6146.027590026853 69104.81423828127 
6112.234802856445 69428.91302490236 
6083.633749694822 69741.53609375001 
6060.573900146483 70041.69738525392 
6043.404723815918 70328.41083984377 
6032.4756903076195 70600.69039794923 
6028.136269226074 70857.55000000002 
6024.3397555542 74289.76938964846 
6050.878378601075 74561.82105468752 
6095.711259460448 74834.56148925783 
6158.777519226074 75105.63718750002 
6240.016278991698 75372.6946435547 
6339.366659851075 75633.38035156252 
6456.76778289795 75885.34080566408 
6592.158769226073 76126.22250000002 
6745.478739929196 76353.67192871094 
6916.666816101071 76565.33558593752 
7105.6621188354475 76758.85996582033 
7312.403769226072 76931.89156250001 
7422.410450134274 77009.98709655763 
7536.830888366698 77082.0768701172 
7655.657474060059 77147.86669494631 
7778.882597351072 77207.06238281252 
7906.498648376466 77259.36974548342 
8038.498017272948 77304.49459472658 
8174.873094177248 77342.14274230959 
8640.088432312008 77431.40197265627 
8978.31544891357 77494.08125000002 
9328.318110046384 77559.12912109376 
9688.11720672607 77625.61687500002 
10429.187870788573 77759.19718750002 
11185.693769226073 77887.39250000002 
11941.801230163572 78002.77312500002 
12314.757524108885 78053.33615234376 
12681.676581726075 78097.90937500002 
13040.57919403076 78135.56408203127 
13389.486152038575 78165.37156250002 
13726.418246765137 78186.40310546877 
17597.294862976072 78263.55156250001 
21127.425019226073 78317.84000000003 
24656.555800476068 78354.72093750002 
26425.986757507322 78364.79785156251 
30947.510624694827 78355.75523437501 
33697.82486297608 78322.17125000001 
36451.361991882324 78273.73351562502 
39207.08501922607 78216.60750000001 
44720.94080047606 78100.95250000001 
47476.99957000732 78054.75445312502 
51004.286425476064 78011.11609375002 
51782.72751922606 77986.82625000001 
53341.6319845581 77931.82783447267 
53357.35777313232 77931.68251953127 
53382.501598815914 77930.80082763673 
53416.19142547606 77928.65953125001 
53505.72093719483 77918.50521484377 
53618.970019226064 77897.03375000002 
53748.96238250732 77860.05931640626 
53888.72173797607 77803.39609375002 
54031.271796569825 77722.85826171876 
54101.41324920654 77672.32829833985 
54207.52298431397 77581.02898437502 
54262.75623992919 77535.29968750002 
54334.30382659912 77477.82492187501 
54421.13353485108 77409.35750000001 
54522.213155212405 77330.65023437502 
54636.510478210446 77242.45593750002 
54762.99329437256 77145.52742187501 
54900.62939422608 77040.61750000002 
55048.386568298345 76928.47898437502 
55205.232607116704 76809.86468750003 
55370.13530120852 76685.52742187501 
55542.06244110108 76556.22000000002 
55902.86122039796 76285.70593750002 
56279.37126922609 76004.34500000002 
57046.494472351085 75433.17250000002 
57420.592275085466 75155.40593750002 
57777.37064422607 74890.88250000002 
57946.684517517104 74765.46898437501 
58108.5719039917 74645.62468750002 
58262.00059417724 74532.10242187502 
58405.93837860109 74425.65500000001 
58539.35304779053 74327.03523437501 
58661.21239227295 74236.99593750002 
58770.48420257568 74156.28992187501 
59043.986918640134 73937.72929931642 
59212.72662078857 73764.87548828126 
59371.98263153076 73569.91100341798 
59521.38220672606 73355.63828125002 
59660.552602233874 73124.8597583008 
59789.12107391357 72880.37787109376 
59906.714877624516 72624.99505615236 
60012.96126922607 72361.51375000001 
60107.48750457763 72092.73638916017 
60189.92083953858 71821.46541015626 
60259.88852996826 71550.50324951173 
60317.01783172607 71282.65234375001 
60360.9360006714 71020.71512939455 
60391.27029266358 70767.49404296877 
60407.647963562005 70525.7915209961 
60409.69626922607 70298.41000000002 
60233.26917205809 63035.406115722675 
60217.41480438232 62717.83267578127 
60196.56417694093 62392.87762451173 
60171.31830047608 62061.698906250014 
60110.04484344482 61385.302246093765 
60038.402519226074 60697.906250000015 
59961.19941375732 60008.77447265627 
59883.243612976075 59327.17046875002 
59809.34320281983 58662.35779296876 
59775.416296081545 58339.14306396486 
59683.56755340575 57446.21219482424 
59611.78341766355 56868.12458984377 
59530.63312957762 56289.53152587893 
59441.79595672607 55710.62734375002 
59247.77802703857 54552.66298828127 
59043.16376922607 53395.78625000002 
58841.38732391357 52241.55185546877 
58655.88283172606 51091.514531250024 
58573.43073699951 50518.55562255862 
58500.08443328856 49947.229003906265 
58437.5231881714 49377.7290161133 
58365.09715301513 48514.46875488283 
58344.365683288575 48230.52160156251 
58325.24817840576 47956.747788085944 
58307.760956726066 47691.48656250001 
58277.74263641356 47179.85886718751 
58254.44126922607 46682.352500000015 
58237.98740203856 46185.68144531251 
58228.51158172607 45676.55968750001 
58226.43123504637 45413.17791503908 
58226.144355163575 45141.701210937514 
58227.66726043701 44860.468823242205 
58230.625439147945 44556.761335449235 
58229.75009735106 44525.23896484377 
58228.83596649168 44475.73332275392 
58228.32876922605 44410.72484375001 
58228.674228210424 44332.69396240236 
58230.318066101056 44244.12111328127 
58239.283769226065 44045.27125000002 
58258.79165985105 43834.01873046877 
58292.407519226064 43630.207031250015 
58315.62024383545 43537.292575683605 
58343.69712860107 43453.67962890626 
58377.08389617919 43381.84862548829 
58561.90851531981 43157.290598144544 
58726.35095672608 42975.81244140626 
58906.31089813232 42781.810603027356 
59098.54564422606 42577.25015625001 
59299.8124996948 42364.09617431642 
59506.86876922607 42144.31373046876 
59925.37876922607 41692.72375000001 
60130.34710906983 41464.846359863295 
60328.134081726064 41238.20080078127 
60515.49699188232 41014.752145996106 
60689.19314422607 40796.465468750015 
60845.97984344482 40585.305842285175 
60982.61439422607 40383.23833984377 
61095.854101257326 40192.22803466798 
61142.687546081535 40101.48341644288 
61265.12771942139 39815.747155761725 
61335.62880828859 39639.16583984376 
61394.86589324952 39480.70437744142 
61443.74533172608 39336.57109375001 
61483.173481140126 39202.974313964856 
61514.05669891357 39076.12236328127 
61553.813769226064 38827.486250000016 
61564.500336608864 38698.11873779299 
61570.26740203856 38560.32935546877 
61572.02132293701 38410.326428222674 
61570.66845672607 38244.318281250016 
61567.11516082763 38058.51323974611 
61562.26779266358 37849.119628906265 
61557.03270965576 37612.345773925794 
61554.553011779775 37482.50635650636 
61519.46337127684 35764.74559814454 
61468.18433563232 34167.52650390626 
61400.45302459717 32555.13575927735 
61318.24330047607 30929.96640625001 
61223.52902557372 29294.411486816418 
61118.28406219483 27650.864042968766 
61004.48227264405 26001.717116699234 
60884.09751922607 24349.36375000001 
60631.47457000731 21044.609863281265 
60376.20611297607 17755.746718750015 
60252.51447479248 16123.256779785166 
60134.08304656982 14501.918652343753 
60022.88569061279 12894.125378417972 
59896.51947235108 10901.013027343753 
59879.99540008545 10710.361291503898 
59856.19064422608 10527.983593750003 
59821.81252899171 10355.097087402348 
59773.56837860106 10192.918925781254 
59708.16551727294 10042.666262207043 
59622.31126922608 9905.556250000009 
59570.68591400147 9842.310098571776 
59512.7129586792 9782.806042480472 
59447.98081878663 9727.196225891123 
59376.07790985108 9675.632792968754 
59296.59264739991 9628.26788787842 
59209.11344696046 9585.253654785163 
59113.22872406007 9546.742237854007 
59008.52689422607 9512.885781250006 
58894.596372985834 9483.836429138188 
58771.025575866704 9459.746325683605 
58637.40291839601 9440.767615051285 
58493.31681610108 9427.052441406267 
58338.35568450928 9418.752948913592 
58172.10793914796 9416.0212817383 
57994.16199554445 9419.009584045416 
57804.106269226075 9427.87000000001 
53992.03801483156 9646.038205566423 
53771.23257781983 9624.376738281266 
53561.336447448746 9580.338347167984 
53362.89611297609 9515.205781250013 
53176.45806365968 9430.261789550786 
53002.568788757344 9326.789121093752 
52841.774777526865 9206.070524902345 
52694.62251922609 9069.388749999998 
52561.658503112805 8918.026545410175 
52443.42921844484 8753.266660156267 
52340.48115448 8576.391843261736 
52253.36080047609 8388.684843750016 
52182.614645690934 8191.428410644541 
52128.78917938234 7985.9052929687605 
52092.43089080813 7773.398239746093 
52074.086269226085 7555.190000000002 
51905.4457662964 3721.9386840820225 
51862.429902038595 3380.7335351562506 
51799.23651824953 3034.055876464845 
51715.463456726095 2686.237031249999 
51610.70855926514 2341.6083227539057 
51484.569667663585 2004.5010742187442 
51336.64462371828 1679.2466088867077 
51166.53126922609 1370.1762499999895 
51073.02830108644 1223.0636489868193 
50973.8274459839 1081.6213208007684 
50868.87843414307 946.3906808471511 
50758.1309957886 817.9131445312378 
50641.53486114503 696.730127258299 
50519.03976043702 583.3830444335908 
50390.59542388916 478.41331146239827 
50256.15158172608 382.3623437500064 
50115.65796417238 295.7715567016712 
49969.06430145264 219.18236572266323 
49816.320323791515 153.136186218253 
49657.37576141358 98.17443359375466 
49492.18034454346 54.83852325439511 
49320.68380340577 23.66987060547399 
49142.8358682251 5.20989105226181 
48958.586269226085 0.0 
28188.966269226075 147.2600000000093 
PIECE 2 
QUANTITY 5 
NUMBER OF VERTICES 288 
VERTICES (X,Y) 
25783.468317260733 3004.652851562496 
30674.02285339355 2945.297742614741 
31025.88464538574 2930.2166284179693 
31385.593781127922 2908.0852029418893 
31752.58034851074 2879.2491601562506 
32126.274435424806 2844.0541940307594 
32506.106129760738 2802.8459985351656 
32891.50551940918 2755.9702676391607 
33281.90269226074 2703.7726953124948 
34075.41073913573 2584.7948022460914 
34882.07097351073 2448.6778710937506 
35697.32409851073 2298.1874536132673 
36516.610817260735 2136.0891015624948 
37335.371832885736 1965.1483666992135 
38149.04784851074 1788.1308007812477 
38953.07956726074 1607.8019555663923 
39742.90769226074 1426.927382812486 
40513.972926635746 1248.272634277324 
41261.71597351074 1074.6032617187448 
41625.4168963623 990.502326354981 
41981.57753601074 908.6848168945289 
42329.62798034667 829.4964273071237 
43059.47089538574 666.004536132823 
43436.01784851074 581.8422656250186 
43800.689254760735 501.30442871095147 
44155.535192260744 424.8994140625 
44502.605739135724 353.1356103515718 
44843.950973510735 286.5214062500163 
45517.665817260735 170.77535156250815 
45854.13558288573 122.6602783203125 
46193.080348510724 81.72835937500349 
46536.550192260715 48.48798339844507 
46886.59519226073 23.447539062501164 
47245.265426635735 7.115415039064828 
47614.61097351074 0.0 
47996.68191101075 2.6096826171851717 
48596.041141662594 32.06841522216564 
48803.91161560057 63.67376708984375 
49016.35992767332 109.70721099854563 
49232.606266479495 169.6070507812401 
49451.870820617674 242.8115902709833 
49673.37377868653 328.7591333007731 
49896.335329284666 426.88798370360746 
50119.975661010736 536.6364453124988 
50343.514962463385 657.4428219604451 
50566.17342224123 788.7454174804589 
50787.17122894289 929.9825357055524 
51005.728571167005 1080.5924804687384 
51221.06563751221 1240.0135556030145 
51432.40261657716 1407.6840649413934 
51638.95969696045 1583.0423123168875 
51839.957067260744 1765.5266015624948 
52034.61491607666 1954.5752365112276 
52222.153432006824 2149.626520996084 
52401.7928036499 2350.1187588500907 
52572.753219604485 2555.4902539062314 
52734.25486846925 2765.1793099975475 
52885.517938842786 2978.6242309570225 
53025.76261932373 3195.263320617669 
53154.20909851074 3414.534882812499 
53270.07756500242 3635.8772213745106 
53372.58820739746 3858.7286401367164 
53460.96121429443 4082.5274429321 
53534.41677429199 4306.711933593731 
53592.17507598877 4530.72041595458 
53633.4563079834 4753.991193847643 
53657.480658874505 4975.962571105949 
53631.77319519042 6977.3250341796665 
53590.81905944824 8761.461874999979 
53541.52275573731 10548.078813476546 
53484.80112976074 12336.771289062483 
53352.749293823224 15918.764609374994 
53201.99831726074 19504.2053515625 
52873.73800476074 26672.48316406249 
52710.89820007324 30248.847265624994 
52558.44961608886 33821.607221679675 
52557.32886413573 33838.683124999996 
52554.7740887451 33866.02975097656 
52550.22331726073 33902.73628906249 
52543.11457702636 33947.89192871093 
52532.88589538572 34000.585859374994 
52500.820817260734 34124.94535156249 
52449.532301635736 34268.52828124999 
52374.52456726075 34424.04816406249 
52326.72106140137 34504.007436523425 
52271.301832885736 34584.21851562499 
52207.70490905761 34663.770590820306 
52088.39515563964 34789.029602661125 
52025.14618835449 34853.16350097656 
51946.78656677245 34932.950639038085 
51854.48144226072 35027.187109374994 
51749.3959661865 35134.669004516596 
51632.69528991696 35254.192416992184 
51505.544564819305 35384.55343933105 
51369.108942260726 35524.54816406249 
51224.55357360838 35672.97268371581 
51073.043610229484 35828.6230908203 
50753.82050476074 36156.78593749998 
50420.76083679198 36499.40544433592 
50083.18581726074 36846.85035156249 
49750.4166571045 37189.48939941406 
49431.774567260734 37517.691328124994 
49280.66405212401 37673.36860412597 
49136.58075866699 37821.824877929685 
49000.68983825684 37961.85624206542 
48874.15644226074 38092.25878906249 
48758.14572204589 38211.82861145019 
48653.822828979486 38319.361801757805 
48562.35291442871 38413.654452514646 
48484.90112976074 38493.50265625 
48422.63262634277 38557.70250549316 
48376.712555541984 38605.05009277344 
48348.306068725586 38634.341510620114 
48328.75652770996 38653.451875 
48299.69165710449 38679.1773828125 
48251.984452514655 38719.28203125 
48186.235661010745 38771.4984765625 
48103.046029663084 38833.559375 
48003.01630554199 38903.19738281249 
47886.74723571778 38978.14515624999 
47754.83956726075 39056.135351562494 
47607.894047241214 39134.900624999995 
47446.51142272949 39212.1736328125 
47271.292440795885 39285.68703125 
47082.83784851073 39353.1734765625 
46881.74839294433 39412.36562499999 
46668.62482116698 39460.99613281249 
46444.06788024902 39496.79765625 
46101.3426550293 39522.643434143065 
45982.52848815917 39527.620520019525 
45853.02192138673 39532.435553894036 
45713.609059448245 39537.08998046874 
45565.07600708008 39541.5852444458 
45408.208869018556 39545.92279052734 
45072.61675476074 39554.1305078125 
44713.121554565434 39561.7246899414 
44336.01210632326 39568.716894531244 
43554.10581726075 39580.94160156249 
43161.88665222169 39586.19721923827 
42777.20859069826 39590.89708984374 
42406.36047058108 39595.05277099608 
42055.63112976075 39598.67582031249 
41889.77626342774 39600.291219787585 
41731.30940612793 39601.77779541015 
41581.01666259766 39603.13699188232 
41439.68413757325 39604.37025390625 
41308.09793579102 39605.47902618408 
41187.04416198731 39606.46475341797 
41077.30892089844 39607.32888031006 
40759.024987182616 39622.09733398438 
40544.77683288574 39659.8285546875 
40337.99598327636 39719.815673828125 
40139.74456726074 39800.6078515625 
39951.08471374513 39900.75424804687 
39773.07855163575 40018.80402343749 
39606.78820983887 40153.30633789062 
39453.27581726075 40302.8103515625 
39313.60350280762 40465.86522460937 
39188.83339538575 40641.020117187494 
39080.02762390138 40826.82418945312 
38988.24831726075 41021.8266015625 
38914.55760437013 41224.57651367187 
38860.01761413575 41433.62308593749 
38825.690475463874 41647.51547851562 
38812.638317260746 41864.8028515625 
38722.46648254394 50945.64963348389 
38707.22875671386 51089.84249755859 
38683.22149475097 51227.642721252436 
38650.791051635744 51359.15158203124 
38610.28378234864 51484.47035736083 
38562.04604187012 51603.700324707024 
38506.424185180666 51716.94276153564 
38443.76456726074 51824.2989453125 
38374.41354309081 51925.87015350342 
38298.71746765137 52021.757663574215 
38217.02269592285 52112.06275299072 
38129.67558288574 52196.88669921875 
37939.409752807616 52350.49627197265 
37730.690817260744 52483.3966015625 
37506.28961608887 52596.39790771484 
37268.976989135735 52690.31041015625 
37021.523776245114 52765.944328613274 
36766.70081726074 52824.109882812496 
36507.27895202637 52865.61729248046 
36246.02902038574 52891.276777343744 
35985.72186218262 52901.8985571289 
35729.128317260744 52898.292851562495 
19005.10071960449 52238.460292968746 
16943.68378601074 52135.4411328125 
14880.850055541996 52014.62939453125 
12817.842067260739 51875.6891015625 
10755.902360229484 51718.284277343744 
8696.273473510737 51542.0789453125 
6640.197946166991 51346.73712890626 
4378.9659515380845 51098.528991699226 
4180.681110229489 51046.379785156256 
3994.327802124022 50976.55316650391 
3820.1700360107425 50890.127070312505 
3658.4718206787074 50788.17943115234 
3509.4971649169893 50671.788183593744 
3373.5100775146493 50542.03126220703 
3250.7745672607416 50399.9866015625 
3141.554642944335 50246.73213623047 
3046.114313354494 50083.34580078125 
2964.7175872802763 49910.90552978516 
2897.628473510744 49730.4892578125 
2845.110980834961 49543.1749194336 
2807.429118041993 49350.04044921875 
2784.846893920898 49152.16378173828 
2777.62831726074 48950.6228515625 
2804.2938616943356 40152.07024658203 
2810.118453979492 39949.14279296875 
2815.265907592773 39766.61103271484 
2816.360036010741 39602.6755078125 
2810.024652709959 39455.536760253905 
2792.883571166989 39323.39533203124 
2761.5606048583977 39204.45176513672 
2712.6795672607404 39096.9066015625 
2642.864271850587 38998.96038330077 
2548.738532104493 38908.81365234374 
2491.5041873168957 38866.10276397705 
2426.926161499021 38824.66695068359 
2354.582431335446 38784.281280212395 
2274.0509735107407 38744.7208203125 
2184.9097647094713 38705.760638732914 
2086.7367816162114 38667.17580322266 
1979.110000915527 38628.74138153076 
1861.607399291992 38590.232441406246 
1733.8069534301721 38551.42405059814 
1595.286640014645 38512.09127685547 
1445.6244357299765 38472.009187927244 
1046.2463250732399 38373.745371093755 
827.7098797607396 38317.3142578125 
726.8929705810515 38285.778742675786 
632.2945281982393 38250.10400390625 
544.3527459716752 38208.84560302734 
463.5058172607387 38160.559101562496 
390.19193542480207 38103.800061035145 
324.84929382324117 38037.124042968746 
267.91608581542823 37959.08660888672 
219.83050476073913 37868.2433203125 
181.03074401854974 37763.14973876953 
151.95499694823957 37642.361425781244 
133.0414569091772 37504.43394287109 
68.35890319824102 33303.996347656255 
34.7592547607419 29251.5220703125 
18.279762573241896 25193.10662109375 
13.270817260741751 21131.356601562497 
15.066129760743934 13008.279257812494 
10.57116882324408 8952.165136718744 
0.0 4733.539993896484 
16.804904174805415 4571.037841796875 
44.879063720705744 4415.528839111328 
83.73851257323986 4266.9054296874965 
132.89928466796482 4125.060057373048 
191.87741394042678 3989.8851660156215 
260.18893432616824 3861.273199462885 
337.349879760739 3739.1166015624913 
422.8762841796852 3623.3078161620942 
516.2841815185529 3513.739287109376 
617.0896057128848 3410.3034582519467 
724.8085906982378 3312.8927734374884 
838.9571704101545 3221.3996765136544 
959.0513787841774 3135.716611328113 
1084.6072497558562 3055.736021728517 
1215.1408172607407 2981.3503515624907 
1489.2051776123044 2848.9335449218634 
1777.3727313232412 2737.605742187501 
2075.771749877931 2646.506494140631 
2380.5305047607435 2574.775351562508 
2687.7772674560547 2521.551865234389 
2993.640309448245 2485.9755859375 
3294.2479022216794 2467.186064453126 
3585.728317260742 2464.322851562494 
13318.064625854495 2633.09386718749 
13764.737536010747 2654.7309765624814 
14675.302067260745 2716.812851562485 
15588.189723510746 2789.6872265624843 
16037.766539916993 2824.8149609374814 
17043.163361206047 2890.8916210937314 
17614.104918823235 2920.866132812487 
18771.68362976073 2967.8316015625023 
19944.26655944823 2999.3676953125105 
21124.745817260737 3017.7328515624977 
22306.01351257324 3025.185507812508 
23480.96175476074 3023.984101562499 
24642.48265319824 3016.387070312485 
25783.468317260733 3004.652851562496 
PIECE 3 
QUANTITY 5 
NUMBER OF VERTICES 288 
VERTICES (X,Y) 
27874.01234161377 3004.652851562496 
22983.457805480957 2945.297742614741 
22631.59601348877 2930.2166284179693 
22271.886877746587 2908.0852029418893 
21904.90031036377 2879.2491601562506 
21531.206223449703 2844.0541940307594 
21151.37452911377 2802.8459985351656 
20765.975139465332 2755.9702676391607 
20375.57796661377 2703.7726953124948 
19582.06991973877 2584.7948022460914 
18775.409685363764 2448.6778710937506 
17960.15656036376 2298.1874536132673 
17140.869841613767 2136.0891015624948 
16322.108825988766 1965.1483666992135 
15508.432810363764 1788.1308007812477 
14704.401091613767 1607.8019555663923 
13914.572966613767 1426.927382812486 
13143.507732238762 1248.272634277324 
12395.764685363767 1074.6032617187448 
12032.063762512207 990.502326354981 
11675.903122863765 908.6848168945289 
11327.852678527826 829.4964273071237 
10598.009763488768 666.004536132823 
10221.46281036377 581.8422656250186 
9856.791404113766 501.30442871095147 
9501.945466613768 424.8994140625 
9154.87491973877 353.1356103515718 
8813.529685363766 286.5214062500163 
8139.8148416137665 170.77535156250815 
7803.345075988767 122.6602783203125 
7464.40031036377 81.72835937500349 
7120.930466613769 48.48798339844507 
6770.885466613767 23.447539062501164 
6412.2152322387665 7.115415039064828 
6042.86968536377 0.0 
5660.79874786377 2.6096826171851717 
5061.439517211915 32.06841522216564 
4853.569043273925 63.67376708984375 
4641.120731201172 109.70721099854563 
4424.874392395021 169.6070507812401 
4205.609838256834 242.8115902709833 
3984.1068801879883 328.7591333007731 
3761.1453295898464 426.88798370360746 
3537.504997863769 536.6364453124988 
3313.965696411131 657.4428219604451 
3091.3072366332963 788.7454174804589 
2870.30942993164 929.9825357055524 
2651.7520877075185 1080.5924804687384 
2436.4150213623034 1240.0135556030145 
2225.0780422973658 1407.6840649413934 
2018.5209619140624 1583.0423123168875 
1817.5235916137717 1765.5266015624948 
1622.8657427978542 1954.5752365112276 
1435.327226867681 2149.626520996084 
1255.6878552246162 2350.1187588500907 
1084.7274392700238 2555.4902539062314 
923.2257904052785 2765.1793099975475 
771.9627200317445 2978.6242309570225 
631.7180395507858 3195.263320617669 
503.27156036377346 3414.534882812499 
387.4030938720716 3635.8772213745106 
284.8924514770515 3858.7286401367164 
196.51944458008074 4082.5274429321 
123.06388458251968 4306.711933593731 
65.3055828857432 4530.72041595458 
24.02435089111168 4753.991193847643 
0.0 4975.962571105949 
25.70746368408436 6977.3250341796665 
66.661599426272 8761.461874999979 
115.95790313720863 10548.078813476546 
172.67952911377142 12336.771289062483 
304.73136505127695 15918.764609374994 
455.4823416137733 19504.2053515625 
783.742654113772 26672.48316406249 
946.5824588012729 30248.847265624994 
1099.0310427856493 33821.607221679675 
1100.1517947387729 33838.683124999996 
1102.706570129394 33866.02975097656 
1107.2573416137711 33902.73628906249 
1114.3660818481476 33947.89192871093 
1124.5947634887743 34000.585859374994 
1156.6598416137713 34124.94535156249 
1207.948357238769 34268.52828124999 
1282.9560916137707 34424.04816406249 
1330.7595974731485 34504.007436523425 
1386.1788259887726 34584.21851562499 
1449.7757498168976 34663.770590820306 
1569.08550323487 34789.029602661125 
1632.3344705200252 34853.16350097656 
1710.6940921020541 34932.950639038085 
1802.9992166137745 35027.187109374994 
1908.084692687993 35134.669004516596 
2024.785368957524 35254.192416992184 
2151.9360940551815 35384.55343933105 
2288.371716613776 35524.54816406249 
2432.9270852661175 35672.97268371581 
2584.4370486450243 35828.6230908203 
2903.6601541137716 36156.78593749998 
3236.7198220825194 36499.40544433592 
3574.2948416137733 36846.85035156249 
3907.0640017700243 37189.48939941406 
4225.706091613774 37517.691328124994 
4376.8166067504935 37673.36860412597 
4520.899900207525 37821.824877929685 
4656.7908206176835 37961.85624206542 
4783.324216613775 38092.25878906249 
4899.334936828622 38211.82861145019 
5003.657829895026 38319.361801757805 
5095.1277444458065 38413.654452514646 
5172.5795291137765 38493.50265625 
5234.848032531747 38557.70250549316 
5280.768103332528 38605.05009277344 
5309.174590148934 38634.341510620114 
5328.724131164556 38653.451875 
5357.789001770023 38679.1773828125 
5405.496206359865 38719.28203125 
5471.244997863774 38771.4984765625 
5554.434629211428 38833.559375 
5654.464353332522 38903.19738281249 
5770.73342315674 38978.14515624999 
5902.641091613772 39056.135351562494 
6049.586611633305 39134.900624999995 
6210.969236145022 39212.1736328125 
6386.188218078616 39285.68703125 
6574.642810363774 39353.1734765625 
6775.732265930183 39412.36562499999 
6988.855837707524 39460.99613281249 
7213.412778625494 39496.79765625 
7556.138003845223 39522.643434143065 
7674.952170715336 39527.620520019525 
7804.458737487799 39532.435553894036 
7943.871599426278 39537.08998046874 
8092.404651794441 39541.5852444458 
8249.271789855964 39545.92279052734 
8584.863904113776 39554.1305078125 
8944.35910430909 39561.7246899414 
9321.468552551276 39568.716894531244 
10103.374841613779 39580.94160156249 
10495.594006652831 39586.19721923827 
10880.272068176277 39590.89708984374 
11251.120188293458 39595.05277099608 
11601.84952911377 39598.67582031249 
11767.704395446784 39600.291219787585 
11926.17125274659 39601.77779541015 
12076.46399627686 39603.13699188232 
12217.796521301276 39604.37025390625 
12349.382723083505 39605.47902618408 
12470.436496887214 39606.46475341797 
12580.171737976085 39607.32888031006 
12898.455671691907 39622.09733398438 
13112.703825988781 39659.8285546875 
13319.48467559816 39719.815673828125 
13517.73609161378 39800.6078515625 
13706.395945129396 39900.75424804687 
13884.402107238773 40018.80402343749 
14050.69244903565 40153.30633789062 
14204.204841613773 40302.8103515625 
14343.877156066901 40465.86522460937 
14468.647263488772 40641.020117187494 
14577.453034973147 40826.82418945312 
14669.23234161377 41021.8266015625 
14742.923054504394 41224.57651367187 
14797.463044738772 41433.62308593749 
14831.790183410649 41647.51547851562 
14844.842341613778 41864.8028515625 
14935.014176330584 50945.64963348389 
14950.25190216066 51089.84249755859 
14974.259164123552 51227.642721252436 
15006.689607238779 51359.15158203124 
15047.196876525883 51484.47035736083 
15095.434617004405 51603.700324707024 
15151.056473693858 51716.94276153564 
15213.716091613784 51824.2989453125 
15283.06711578371 51925.87015350342 
15358.763191223155 52021.757663574215 
15440.45796295167 52112.06275299072 
15527.805075988781 52196.88669921875 
15718.070906066907 52350.49627197265 
15926.78984161378 52483.3966015625 
16151.191042785653 52596.39790771484 
16388.503669738788 52690.31041015625 
16635.95688262941 52765.944328613274 
16890.779841613785 52824.109882812496 
17150.201706848155 52865.61729248046 
17411.451638488787 52891.276777343744 
17671.758796691905 52901.8985571289 
17928.35234161378 52898.292851562495 
34652.37993927003 52238.460292968746 
36713.79687286378 52135.4411328125 
38776.63060333252 52014.62939453125 
40839.63859161378 51875.6891015625 
42901.57829864502 51718.284277343744 
44961.20718536379 51542.0789453125 
47017.28271270753 51346.73712890626 
49278.514707336435 51098.528991699226 
49476.79954864502 51046.379785156256 
49663.15285675049 50976.55316650391 
49837.31062286378 50890.127070312505 
49999.008838195805 50788.17943115234 
50147.98349395751 50671.788183593744 
50283.970581359856 50542.03126220703 
50406.70609161377 50399.9866015625 
50515.92601593018 50246.73213623047 
50611.36634552003 50083.34580078125 
50692.763071594236 49910.90552978516 
50759.85218536378 49730.4892578125 
50812.369678039555 49543.1749194336 
50850.051540832515 49350.04044921875 
50872.633764953614 49152.16378173828 
50879.852341613776 48950.6228515625 
50853.186797180184 40152.07024658203 
50847.36220489502 39949.14279296875 
50842.21475128175 39766.61103271484 
50841.120622863775 39602.6755078125 
50847.45600616456 39455.536760253905 
50864.59708770753 39323.39533203124 
50895.920054016126 39204.45176513672 
50944.80109161379 39096.9066015625 
51014.61638702394 38998.96038330077 
51108.74212677004 38908.81365234374 
51165.976471557646 38866.10276397705 
51230.55449737552 38824.66695068359 
51302.89822753907 38784.281280212395 
51383.42968536379 38744.7208203125 
51472.57089416507 38705.760638732914 
51570.74387725833 38667.17580322266 
51678.37065795901 38628.74138153076 
51795.87325958254 38590.232441406246 
51923.673705444366 38551.42405059814 
52062.1940188599 38512.09127685547 
52211.856223144554 38472.009187927244 
52611.23433380129 38373.745371093755 
52829.77077911378 38317.3142578125 
52930.58768829347 38285.778742675786 
53025.18613067627 38250.10400390625 
53113.12791290284 38208.84560302734 
53193.97484161377 38160.559101562496 
53267.2887234497 38103.800061035145 
53332.631365051275 38037.124042968746 
53389.56457305909 37959.08660888672 
53437.650154113784 37868.2433203125 
53476.44991485597 37763.14973876953 
53505.52566192628 37642.361425781244 
53524.43920196536 37504.43394287109 
53589.1217556763 33303.996347656255 
53622.72140411379 29251.5220703125 
53639.20089630129 25193.10662109375 
53644.20984161379 21131.356601562497 
53642.41452911378 13008.279257812494 
53646.90949005129 8952.165136718744 
53657.48065887451 4733.539993896484 
53640.675754699696 4571.037841796875 
53612.601595153814 4415.528839111328 
53573.74214630127 4266.9054296874965 
53524.58137420655 4125.060057373048 
53465.6032449341 3989.8851660156215 
53397.29172454837 3861.273199462885 
53320.13077911378 3739.1166015624913 
53234.60437469483 3623.3078161620942 
53141.19647735596 3513.739287109376 
53040.39105316163 3410.3034582519467 
52932.67206817628 3312.8927734374884 
52818.52348846436 3221.3996765136544 
52698.429280090335 3135.716611328113 
52572.87340911866 3055.736021728517 
52442.33984161378 2981.3503515624907 
52168.27548126223 2848.9335449218634 
51880.107927551275 2737.605742187501 
51581.70890899659 2646.506494140631 
51276.95015411379 2574.775351562508 
50969.70339141849 2521.551865234389 
50663.84034942629 2485.9755859375 
50363.232756652855 2467.186064453126 
50071.752341613785 2464.322851562494 
40339.41603302004 2633.09386718749 
39892.74312286379 2654.7309765624814 
38982.17859161379 2716.812851562485 
38069.290935363795 2789.6872265624843 
37619.714118957534 2824.8149609374814 
36614.31729766847 2890.8916210937314 
36043.375740051284 2920.866132812487 
34885.79702911379 2967.8316015625023 
33713.21409942629 2999.3676953125105 
32532.734841613794 3017.7328515624977 
31351.467146301296 3025.185507812508 
30176.518904113796 3023.984101562499 
29014.99800567629 3016.387070312485 
27874.01234161377 3004.652851562496 
PIECE 4 
QUANTITY 5 
NUMBER OF VERTICES 395 
VERTICES (X,Y) 
25375.120000000003 151.01852630614303 
3204.9076498413087 0.0 
3070.2013549804688 28.979729919417878 
2932.8416238403297 76.6413043212815 
2793.3189648437474 141.9483114623872 
2652.123886413574 223.86433959957503 
2509.746896972658 321.3529769897141 
2366.6785049438477 433.37781188961526 
2223.409218749999 558.9024325561331 
2080.429546813968 696.8904272460641 
1938.229997558592 846.3053842162917 
1797.3010794067377 1006.1108917236124 
1658.13330078125 1175.2705380248808 
1521.217170104981 1352.7479113769368 
1387.043195800783 1537.5066000366205 
1128.8837500000009 1924.7222763061436 
887.5790307617171 2328.62627288817 
667.0531054687526 2740.9272958373913 
471.23004150390625 3153.3340512084687 
383.80835357666 3356.986049194311 
304.03390624999884 3557.555245056137 
232.39720794677487 3754.0052270507585 
169.38876708984026 3945.299583435044 
115.49909210205078 4130.401902465819 
71.21869140625131 4308.275772399895 
37.03807342529399 4477.88478149414 
13.447746582030959 4638.192518005366 
0.938219299314369 4788.162570190427 
0.0 4926.758526306148 
1276.4075909423846 38598.04154205322 
1290.498032226562 38685.466050720206 
1311.8522015380877 38785.8483694458 
1340.1009765624985 38898.444815368646 
1374.875234985353 39022.51170562743 
1415.8058544921878 39157.305357360834 
1462.523712768554 39302.082087707524 
1514.6596874999996 39456.09821380615 
1571.8446563720681 39618.61005279541 
1633.709497070311 39788.87392181396 
1699.8850872802723 39966.14613800049 
1770.0023046874994 40149.68301849365 
1920.5851318359382 40532.576040954584 
2082.505000000001 40931.60352630615 
2252.808930664065 41340.816011657706 
2428.5439453125 41754.26403411865 
2606.757065429687 42165.99813079834 
2784.4953124999993 42570.06883880615 
2958.8057080078106 42960.526695251465 
3126.735273437498 43331.42223724365 
3207.3844390869126 43507.674933166505 
3285.331030273439 43676.80600189208 
3360.2059246826175 43838.071760559076 
3515.526894531249 44195.0590145874 
3576.1807812499974 44401.16618255615 
3613.59521484375 44608.552334899905 
3627.7637499999983 44816.719776306156 
3618.679941406248 45025.1708114624 
3586.3373437499977 45233.407745056145 
3530.729511718746 45440.93288177489 
3355.5769335937475 45857.77443206786 
3250.5404687499977 46073.74936614989 
3020.2012499999983 46518.48212005614 
2772.880156250001 46974.318389587395 
2520.625 47434.129776306145 
2275.483593750003 47890.7878817749 
2159.345488281251 48115.706829528805 
2049.50375 48337.164307556144 
1947.46435546875 48554.26926605224 
1854.733281249999 48766.13065521239 
1772.8165039062478 48971.85742523192 
1649.7809350585885 49347.38998382568 
1601.448417968746 49529.793311462396 
1517.1685937500006 49912.65930755614 
1444.5116601562513 50321.84397552489 
1410.7077563476596 50537.14564300536 
1377.6087499999994 50760.03477630614 
1344.4810327148443 50990.847308044424 
1310.5909960937497 51229.9191708374 
1275.2050317382818 51477.58629730224 
1237.5895312499997 51734.18462005614 
1197.0108862304696 52000.050071716294 
1152.7354882812506 52275.518584899895 
1104.0297290039016 52560.926092224116 
1039.626746826165 52920.4375592041 
1029.5485839843677 52997.31078948974 
1019.8894689941299 53086.85022705078 
1010.613359374991 53188.6778817749 
1001.6842126464762 53302.415763549805 
993.065986328118 53427.685882263184 
984.7226379394451 53564.11024780273 
976.6181249999936 53711.31087005614 
968.7164050292922 53868.909758911126 
960.9814355468698 54036.52892425536 
953.3771740722586 54213.790375976554 
945.8675781249913 54400.316123962395 
938.4166052246001 54595.72817810057 
930.9882128906174 54799.6485482788 
923.5463586425722 55011.699244384756 
916.054999999993 55231.50227630614 
900.77959960937 55692.85338714599 
884.8736718749933 56180.67795989989 
868.0488769531221 56691.952073669425 
850.0168749999939 57223.65180755615 
830.4893261718717 57772.75324066161 
809.1778906249965 58336.232452087395 
785.7942285156205 58911.06552093505 
755.9506986999477 59572.411972770686 
750.5294665527326 59658.56978942871 
743.8553736877438 59752.41459842682 
735.9974902343747 59853.65902191162 
717.0066320800761 60077.19720092773 
694.1094531249983 60326.8853036499 
667.8585144042954 60600.42430725097 
638.8063769531218 60895.5151889038 
607.5056018066389 61209.85892578124 
574.5087499999972 61541.15649505615 
540.3683825683547 61887.108873901365 
505.6370605468692 62245.417039489745 
470.86734497069847 62613.78196899414 
436.6117968749968 62989.904639587396 
371.85344726561743 63756.227112731925 
315.7824999999939 64525.99227630615 
292.3862048339761 64906.41830993652 
272.81944335936714 65280.80794769287 
257.6347766113213 65646.86216674803 
247.38476562499636 66002.2819442749 
242.62197143554658 66344.76825744628 
243.8989550781189 66672.02208343506 
251.76827758788568 66981.74439941405 
266.7824999999939 67271.63618255615 
289.494183349605 67539.39841003418 
320.4558886718696 67782.73205902099 
360.22017700194556 67999.33810668945 
383.575965118398 68096.8998353958 
409.3396093749907 68186.9175302124 
437.5801799011133 68269.10381328582 
468.36674682616285 68343.1713067627 
501.7683802795327 68408.8326327896 
537.8541503906163 68465.80041351318 
576.6931272888105 68513.78727108001 
618.3543811035124 68552.50582763672 
662.9069819641081 68581.66870532988 
861.480094223014 68643.3238874054 
1022.0464764404242 68685.01497955322 
1191.7823584747239 68726.06228477477 
1370.3509521484302 68766.4662850952 
1557.4154692840457 68806.22746253967 
1752.6391217040946 68845.34629913329 
1955.6851212310721 68883.82327690124 
2166.2166796874953 68921.65887786864 
2608.3893206787034 68995.40787750244 
3076.4627392578077 69066.59715423583 
3567.7426300048755 69135.23056427001 
4079.534687499996 69201.31196380615 
4609.144606323236 69264.84520904541 
5153.878081054681 69325.83415618897 
5711.04080627441 69384.28266143799 
6277.938476562496 69440.19458099364 
7430.161430664059 69544.42408782958 
8588.992499999993 69638.55352630615 
9164.150314331047 69681.84036041259 
9732.877241210932 69722.6137460327 
10292.478975219725 69760.87753936766 
10840.261210937497 69796.63559661864 
11373.529642944333 69829.8917739868 
11889.589965820305 69860.64992767334 
12385.747874145505 69888.9139138794 
12859.309062499997 69914.68758880615 
13307.579225463865 69937.97480865478 
13727.864057617182 69958.77942962646 
13926.670004196167 69968.2519705963 
14117.469253540039 69977.10530792235 
14299.925017471316 69985.33992362976 
14473.7005078125 69992.95629974364 
14638.458936386109 69999.95491828918 
14793.863515014644 70006.3362612915 
14939.577455520623 70012.10081077575 
15075.263969726548 70017.24904876709 
15200.58626945495 70021.78145729064 
15315.207566528312 70025.69851837157 
15418.791072769156 70029.00071403504 
17896.065937499996 70106.65180755615 
20292.93499999999 70188.12227630615 
22688.53656249999 70257.28337005615 
23881.77746093749 70281.36772552489 
25069.799999999996 70295.31852630615 
32889.45642547607 70347.62341003417 
32915.41433349609 70346.22806488036 
32957.61167144775 70343.90249633789 
33015.17638671875 70340.6467098999 
33087.23642669677 70336.46071105957 
33172.919738769524 70331.34450531006 
33271.3542703247 70325.29809814453 
33381.66796874999 70318.32149505615 
33502.988781433094 70310.41470153809 
33634.44465576171 70301.5777230835 
33775.163539123525 70291.81056518554 
33924.27337890624 70281.1132333374 
34244.17771728515 70256.92806976318 
34587.181249999994 70229.02227630615 
34946.307556152344 70197.39589691162 
35314.58021484375 70162.0489755249 
35685.02280517577 70122.9815560913 
36050.65890624999 70080.19368255614 
36404.51209716796 70033.68539886473 
36739.60595703124 69983.4567489624 
36897.93800628662 69956.94730041503 
37048.9640649414 69929.50777679443 
37191.81208038329 69901.13818359375 
37621.19472412108 69799.93519622802 
37937.45857421874 69716.17079193114 
38272.92919189453 69621.33556732177 
38626.13421874999 69516.21977630614 
38995.60129638672 69401.61367279053 
39379.85806640625 69278.30751068114 
39777.43217041015 69147.09154388428 
40186.85125 69008.75602630615 
40606.64294677734 68864.09121185303 
41035.33490234374 68713.88735443115 
41471.454758300766 68558.93470794677 
41913.53015624999 68400.02352630615 
42809.65814453124 68073.48657318114 
44630.8840234375 67396.83825286865 
45082.80633300782 67223.46147064208 
45526.93031249999 67048.50508880615 
45961.18206542967 66871.53273040771 
46383.487695312484 66692.10801849364 
46791.77330566405 66509.79457611084 
47183.96499999999 66324.15602630615 
47557.988881835925 66134.75599212646 
47911.77105468748 65941.15809661864 
48243.23762207031 65742.92596282958 
48550.31468749999 65539.62321380615 
48830.928354492185 65330.81347259521 
48960.66332092284 65224.20711212158 
49083.00472656248 65116.06036224365 
49197.69333435057 65006.31867584228 
49304.46990722654 64894.92750579833 
49403.07520812986 64781.83230499267 
49546.12408447265 64592.922361755365 
49602.42673828125 64508.685928649895 
49661.206062011704 64415.573567810054 
49721.510156249984 64314.88962005615 
49842.88505859374 64096.0243270874 
49958.93624999999 63862.52477630615 
50062.04853515623 63624.8256942749 
50144.606718749994 63393.361807556146 
50175.79827392578 63283.22891448974 
50198.99560546876 63178.5678427124 
50213.24681396485 63080.68293304443 
50209.56244628906 62436.492178649896 
50197.72488281251 61868.03430755615 
50182.9612060547 61287.6554208374 
50166.14531250002 60697.506026306146 
50129.85246093751 59496.49774505615 
50095.8375 58282.21352630615 
50071.091601562504 57071.85743255615 
50064.37929199219 56473.528702087395 
50062.6059375 55882.63352630615 
50066.6454345703 55301.3224130249 
50077.3716796875 54731.745870056155 
50095.658569335945 54176.0544052124 
50190.27947265625 52414.04688568114 
50253.09453124999 51181.06540130614 
50376.321249999986 48698.92352630614 
50443.15783203123 47457.61844818114 
50517.75984374999 46221.39415130614 
50603.339746093734 44994.178291931144 
50703.10999999999 43779.89852630615 
51026.390312499985 40227.906963806156 
51061.090000000004 40002.95852630615 
51105.082187500004 39761.592588806154 
51198.8865762329 39348.51998809814 
51257.79108642578 39194.142408142085 
51332.10539031981 39043.474713439944 
51420.671347656236 38896.21583099365 
51522.33081817625 38752.06468780517 
51635.92566162107 38610.72021087646 
51760.29773773191 38471.88132720947 
51894.28890624998 38335.246963806145 
52036.74102691649 38200.516047668454 
52186.49595947263 38067.38750579834 
52503.281699218736 37804.733252868646 
52835.38100341797 37544.87562103271 
53173.528750000005 37285.40602630615 
53508.45981689453 37023.915884704584 
53830.90908203125 36757.996612243645 
54131.61142333985 36485.23962493896 
54270.9121469116 36345.544305725096 
54401.301718749986 36203.23633880615 
54521.62199859619 36058.01465118407 
54630.71484619141 35909.57816986083 
54727.42212127684 35757.625821838374 
54810.58568359374 35601.85653411865 
54879.04739288329 35441.96923370361 
54931.6491088867 35277.66284759521 
54967.232691345205 35108.63630279541 
54984.63999999999 34934.58852630615 
55608.09439941405 20854.612823486328 
55590.02539062498 20683.877942810053 
55555.69122558591 20516.680663452134 
55505.95015624997 20353.04776458739 
55441.66043457027 20193.006025390612 
55363.680312499964 20036.582225036604 
55272.868041992166 19883.803142700184 
55170.08187499998 19734.695557556144 
55056.18006347653 19589.286248779288 
54932.02085937498 19447.601995544435 
54798.462514648425 19309.66957702636 
54656.36328124998 19175.515772399885 
54506.5814111328 19045.167360839827 
54349.97515624998 18918.651121520976 
54019.72249999998 18677.222276306144 
53672.47132812499 18451.443470153798 
53315.08765624998 18241.528936462375 
52954.43749999998 18047.692908630343 
52597.38687499999 17870.149620056138 
52250.801796874985 17709.11330413817 
51921.548281249976 17564.79819427489 
51765.5664892578 17498.97803955077 
51616.49234374999 17437.418523864733 
51475.18409667968 17380.1464263916 
51303.905701904274 17313.025505676284 
51258.12393554685 17296.420455017113 
51147.078515624984 17256.433330993663 
51013.52477539062 17208.32528900147 
50861.62374999999 17153.194463806154 
50695.53647460938 17092.138990173364 
50519.423984375004 17026.25700286866 
50153.767499999994 16884.406026306155 
49972.54557617187 16810.63330657959 
49797.942578124996 16736.426612243653 
49634.119541015614 16662.88407806396 
49485.237499999996 16591.103838806142 
49355.45749023437 16522.18402923584 
49248.940546875 16457.222784118654 
49205.70604858398 16426.569790344234 
49169.847705078115 16397.31823822022 
49141.885645751936 16369.60539459229 
49090.89352783202 16283.905010681163 
49065.457441406244 16220.108995056173 
49030.43890624999 16081.95415130617 
49012.92935546874 15932.773370056151 
49008.57374999999 15776.236026306156 
49021.90421874998 15455.769151306158 
49030.88021484373 15299.17837005615 
49037.21172424315 14988.236113891602 
49039.574458007795 14817.976375427243 
49042.597667846676 14639.553059082027 
49046.20082031249 14453.389913024905 
49054.824819335925 14059.53912445069 
49064.802187499976 13639.81399505616 
49075.48865722653 13197.60451019289 
49086.23996093748 12736.300655212413 
49096.41183105467 12259.29241546632 
49105.35999999999 11769.969776306156 
49117.00816406249 10767.941241149892 
49116.030312499985 9757.334932556158 
49109.19596191405 9257.290076599122 
49097.27230468748 8765.270733337413 
49079.615073242174 8284.666888122578 
49042.93363464354 7617.55401550293 
49027.79353027343 7397.862283630369 
49009.87411193847 7161.414156494138 
48988.889804687504 6909.830459899909 
48964.55503356935 6644.732019653326 
48936.58422363281 6367.739661560059 
48904.69179992675 6080.474211425797 
48868.592187499984 5784.556495056153 
48827.999811401336 5481.607338256828 
48782.62909667966 5173.2475668334955 
48676.41035156248 4546.779483337406 
48547.651352539055 3918.118851013205 
48474.10532043457 3607.01839355471 
48394.0675 3300.232276306153 
48307.252316284175 2999.3813250732346 
48213.37419433593 2706.0863656616275 
48112.14755920409 2421.9682238769456 
48003.28683593748 2148.6477255249047 
47886.506449584944 1887.745696411148 
47761.52082519529 1640.8829623413185 
47628.044387817376 1409.680349121103 
47485.791562499995 1195.7586825561593 
47334.47677429199 1000.7387884521595 
47173.814448242185 826.2414926147467 
47003.51900939941 673.8876208496076 
46823.304882812496 545.2979989624146 
46632.88649353026 442.09345275879605 
46533.76145820617 400.51709110262163 
46431.97826660156 365.89480804443883 
46327.50122184755 338.42920681000396 
46220.29462707521 318.32289062501513 
46110.32278541565 305.77846271517046 
45997.549999999996 300.99852630616806 
25375.120000000003 151.01852630614303 
PIECE 5 
QUANTITY 5 
NUMBER OF VERTICES 183 
VERTICES (X,Y) 
23749.110000000004 62.779999999984284 
48126.00787139892 145.21724182127218 
48397.03230712889 167.71730957030377 
48663.874851989734 204.10709167479945 
48926.21705078124 253.9434765624901 
49183.740448303215 316.7833526611357 
49436.12658935547 392.1836083984381 
49683.05701873779 479.70113220215717 
49924.21328124999 578.8928124999948 
50159.2769216919 689.3155377197108 
50387.92948486327 810.5261962890509 
50609.85251556395 942.0816766357311 
50824.727558593746 1083.538867187497 
51032.236158752436 1234.454656372065 
51232.05986083986 1394.385932617195 
51423.88020965576 1562.8895843505888 
51607.37875 1739.5225000000064 
51782.23702667236 1923.841567993164 
51948.13658447267 2115.4036767578073 
52104.758968200695 2313.7657147216814 
52251.78572265625 2518.484570312503 
52388.89839263915 2729.1171319580026 
52515.77852294923 2945.2202880859404 
52632.10765838623 3166.350927124018 
52737.56734375001 3392.065937499996 
52831.83912384034 3621.92220764159 
52914.60454345704 3855.4766259765456 
52985.54514739991 4092.2860809326085 
53044.34248046875 4331.907460937495 
53090.67808746337 4573.897654418935 
53124.2335131836 4817.81354980469 
53144.6903024292 5063.2120355224615 
53151.729999999996 5309.649999999994 
53154.60113494872 18862.109064941396 
53127.03970458984 19027.586972656252 
53082.42095611573 19198.517292480465 
53021.900136718745 19374.473593749994 
52946.632493591285 19555.029445800785 
52857.77327392576 19739.75841796874 
52756.47772491454 19928.234079589834 
52643.90109375 20120.02999999999 
52521.198627624515 20314.719748535143 
52389.52557373047 20511.876894531233 
52103.888691406246 20911.887656249986 
51796.232424316404 21316.650839843736 
51475.79875 21722.75499999999 
51151.8296459961 22126.788691406247 
50833.56708984375 22525.34046875 
50530.253059082024 22914.99888671875 
50387.089858703606 23105.427009277337 
50251.12953125 23292.352499999994 
50123.527323913586 23475.34892822265 
50005.438483886726 23653.989863281247 
49898.018258361815 23827.848874511714 
49802.421894531246 23996.499531249996 
49719.80463958738 24159.515402832025 
49651.32174072265 24316.47005859374 
49598.12844512939 24466.937067871084 
49519.69454101562 24779.15311035155 
49464.01460937501 24941.925820312492 
49395.02862304688 25098.119448242178 
49313.42499999999 25247.04531249999 
49219.8921582031 25388.014731445306 
49115.118515624985 25520.339023437497 
48999.792490234366 25643.32950683593 
48874.60249999999 25756.297499999986 
48740.23696289063 25858.554321289048 
48597.38429687501 25949.411289062497 
48446.73291992188 26028.179721679684 
48288.97125 26094.170937499992 
48124.787705078124 26146.6962548828 
47954.870703124994 26185.066992187494 
47779.908662109374 26208.59446777343 
47600.59 26216.58999999999 
39896.037568359374 26226.94883789061 
39697.824296875 26257.346328124993 
39506.408720703126 26306.76393554687 
39322.809375 26374.183124999996 
39148.04479492188 26458.585361328114 
38983.13351562501 26558.952109374994 
38829.09407226564 26674.264833984373 
38686.94500000001 26803.50499999999 
38557.704833984375 26945.65407226562 
38442.392109374996 27099.69351562499 
38342.025361328124 27264.604794921856 
38257.623125 27439.369374999987 
38190.20393554687 27622.968720703117 
38140.786328125 27814.384296874996 
38110.38883789063 28012.59756835937 
38100.03 28216.58999999999 
38089.67116210937 36273.92243164062 
38059.273671874995 36472.13570312499 
38009.856064453124 36663.55127929687 
37942.436875 36847.150624999995 
37858.034638671874 37021.91520507812 
37757.667890625 37186.826484374986 
37642.35516601562 37340.86592773436 
37513.115000000005 37483.01499999999 
37370.965927734374 37612.25516601562 
37216.926484375 37727.567890624996 
37052.01520507813 37827.93463867187 
36877.250625 37912.33687499999 
36693.651279296886 37979.75606445312 
36502.235703125 38029.17367187499 
36304.022431640624 38059.571162109365 
36100.03 38069.92999999999 
10827.127568359374 38059.571162109365 
10628.914296874998 38029.17367187499 
10437.498720703119 37979.75606445312 
10253.899374999997 37912.33687499999 
10079.134794921873 37827.93463867187 
9914.223515625006 37727.567890624996 
9760.18407226563 37612.25516601562 
9618.035 37483.01499999999 
9488.794833984375 37340.86592773436 
9373.482109374996 37186.826484374986 
9273.115361328124 37021.91520507812 
9188.713124999998 36847.150624999995 
9121.293935546873 36663.55127929687 
9071.876328125003 36472.13570312499 
9041.478837890627 36273.92243164062 
9031.119999999999 36069.92999999999 
9020.761162109371 27377.59756835937 
8990.363671874995 27179.384296874996 
8940.946064453125 26987.968720703117 
8873.526875 26804.369374999995 
8789.124638671874 26629.60479492187 
8688.757890625002 26464.693515625004 
8573.445166015623 26310.65407226563 
8444.204999999998 26168.504999999997 
8302.055927734367 26039.264833984373 
8148.016484374992 25923.952109374994 
7983.105205078125 25823.58536132812 
7808.340625000001 25739.183124999996 
7624.741279296879 25671.76393554687 
7433.325703125 25622.346328125 
7235.112431640624 25591.948837890624 
7031.119999999999 25581.589999999997 
1796.007568359375 25571.23116210937 
1597.7942968749994 25540.833671874992 
1406.3787207031237 25491.416064453122 
1222.7793749999983 25423.996874999997 
1048.0147949218735 25339.59463867187 
883.1035156249964 25239.227890625 
729.0640722656208 25123.91516601562 
586.9149999999972 24994.674999999996 
457.6748339843725 24852.525927734365 
342.3621093749971 24698.48648437499 
241.99536132812136 24533.575205078123 
157.59312499999942 24358.810625 
90.17393554687442 24175.211279296876 
40.75632812500044 23983.795703124997 
10.358837890624272 23785.58243164062 
0.0 23581.589999999997 
4.726968383791245 5288.716287841802 
18.723559570313228 5136.046435546887 
41.713302612308325 4970.353931884776 
73.41972656250073 4792.862265625008 
113.56636047363645 4604.79492553712 
161.87673339843968 4407.375400390636 
218.07437438964917 4201.827178955093 
281.8828125 3989.373749999999 
353.0255767822273 3771.2386022949067 
431.2261962890625 3548.6452246093686 
607.6951171875007 3094.977734375003 
809.0778076171882 2638.1591894531302 
1033.1625000000022 2187.9774999999936 
1277.7374267578161 1754.220576171865 
1407.0175506591804 1546.5601232909976 
1540.5908203125036 1346.6763281249878 
1678.18076477051 1155.7926794433588 
1819.5109130859382 975.1326660156192 
1964.304794311527 805.9197766113357 
2112.2859375000007 649.3775000000023 
2263.177871704105 506.72932495115674 
2416.7041259765647 379.1987402343657 
2572.588229370118 268.0092346191377 
2730.5537109375036 174.38429687499593 
2890.324099731446 99.54741577147797 
3051.6229248046875 44.72208007812151 
3214.173715209963 11.131778564449633 
3377.7000000000007 0.0 
23749.110000000004 62.779999999984284 
PIECE 6 
QUANTITY 5 
NUMBER OF VERTICES 183 
VERTICES (X,Y) 
26353.903369140637 1.4551915228366852e-11 
50616.816674194335 10.542072753916727 
50787.16547363281 41.45498046875582 
50952.28559387208 91.6687573242234 
51112.15286132813 160.11343750001106 
51266.743102417015 245.71905517578125 
51416.0321435547 347.41564453128376 
51559.99581115723 464.1332397461374 
51698.609931640625 594.8018750000338 
51831.8503314209 738.3515844726935 
51959.692836914044 893.7124023437791 
52082.11327453612 1059.8143627929967 
52199.087470703125 1235.5875000000233 
52310.59125183106 1419.9618481445505 
52416.600444335934 1611.8674414062698 
52517.09087463379 1810.2343139648729 
52612.038369140624 2013.9925000000221 
52785.207856445304 2433.4029492187838 
52935.91551757811 2861.539062500029 
53063.96796386717 3289.841113281276 
53169.171806640625 3709.749375000014 
53213.14506774903 3913.8809204101854 
53251.333657226576 4112.704121093775 
53283.71340148927 4305.149011230504 
53310.26012695314 4490.145625000034 
53330.94966003419 4666.623996582057 
53345.757827148445 4833.514160156279 
53354.66045471191 4989.746149902363 
53357.633369140625 5134.250000000015 
53347.27453125001 23492.692431640637 
53316.877041015636 23690.905703125012 
53267.459433593765 23882.32127929689 
53200.040244140626 24065.920625000013 
53115.6380078125 24240.685205078138 
53015.271259765614 24405.596484375004 
52899.95853515625 24559.63592773438 
52770.71836914062 24701.78500000001 
52628.569296875 24831.025166015635 
52474.529853515625 24946.337890625015 
52309.618574218744 25046.704638671887 
52134.85399414061 25131.106875000012 
51951.2546484375 25198.526064453137 
51759.83907226561 25247.943671875008 
51561.62580078125 25278.341162109384 
51357.633369140625 25288.70000000001 
46122.520937500005 25299.05883789064 
45924.307666015644 25329.456328125016 
45732.89208984376 25378.873935546886 
45549.29274414064 25446.29312500001 
45374.52816406251 25530.695361328137 
45209.61688476563 25631.06210937501 
45055.577441406254 25746.374833984388 
44913.42836914064 25875.615000000013 
44784.188203125006 26017.764072265643 
44668.87547851564 26171.80351562502 
44568.508730468755 26336.714794921885 
44484.10649414063 26511.47937500001 
44416.68730468749 26695.07872070313 
44367.26969726562 26886.49429687501 
44336.87220703124 27084.707568359387 
44326.51336914063 27288.70000000001 
44316.15453125002 35981.03243164063 
44285.75704101564 36179.24570312501 
44236.33943359377 36370.66127929689 
44168.92024414063 36554.26062500001 
44084.518007812505 36729.025205078135 
43984.15125976562 36893.936484375 
43868.838535156254 37047.97592773438 
43739.59836914062 37190.12500000001 
43597.449296875 37319.36516601563 
43443.40985351562 37434.67789062501 
43278.49857421876 37535.04463867188 
43103.73399414063 37619.44687500001 
42920.13464843751 37686.866064453134 
42728.71907226563 37736.283671875004 
42530.505800781255 37766.68116210938 
42326.51336914063 37777.04000000001 
17053.6109375 37766.68116210938 
16855.397666015626 37736.283671875004 
16663.982089843747 37686.866064453134 
16480.382744140625 37619.44687500001 
16305.6181640625 37535.04463867188 
16140.706884765634 37434.67789062501 
15986.667441406258 37319.36516601563 
15844.518369140627 37190.12500000001 
15715.278203125003 37047.97592773438 
15599.965478515624 36893.936484375 
15499.598730468751 36729.025205078135 
15415.196494140626 36554.26062500001 
15347.7773046875 36370.66127929689 
15298.35969726563 36179.24570312501 
15267.962207031254 35981.03243164063 
15257.603369140626 35777.04000000001 
15247.244531249999 27719.707568359387 
15216.847041015622 27521.49429687501 
15167.429433593752 27330.07872070313 
15100.010244140627 27146.47937500001 
15015.608007812501 26971.714794921885 
14915.24125976563 26806.80351562502 
14799.92853515625 26652.764072265643 
14670.688369140626 26510.615000000013 
14528.539296874995 26381.374833984388 
14374.49985351562 26266.06210937501 
14209.588574218753 26165.695361328137 
14034.823994140628 26081.29312500001 
13851.224648437506 26013.873935546886 
13659.809072265627 25964.456328125016 
13461.595800781251 25934.05883789064 
13257.603369140626 25923.70000000001 
5577.034438476563 25915.64310302736 
5401.4170800781285 25891.936855468768 
5230.88794433594 25853.277922363297 
5066.143681640628 25800.362968750014 
4907.880942382813 25733.88865966798 
4756.796376953127 25654.551660156256 
4613.586635742191 25563.048635253916 
4478.948369140628 25460.076250000013 
4353.578227539067 25346.331169433615 
4238.172861328127 25222.51005859376 
4133.428920898441 25089.30958251954 
4040.043056640625 24947.426406250015 
3958.711918945315 24797.557194824236 
3890.132158203127 24640.398613281264 
3835.00042480469 24476.647326660175 
3758.0827603149446 24163.303280334483 
3705.827326660161 24012.769602050794 
3638.387282409669 23855.821186218272 
3556.9028417968766 23692.88025390626 
3462.514219055178 23524.369026184097 
3356.3616284179698 23350.70972412111 
3239.5852841186534 23172.324568786637 
3113.325400390626 22989.635781250014 
2978.7221914672846 22803.065582580573 
2836.9158715820304 22613.03619384767 
2536.254755859376 22224.28873046876 
2220.4637670898446 21826.77115966798 
1898.6646191406253 21423.861250000016 
1579.9790258789071 21018.936770019543 
1273.5287011718756 20615.375488281265 
988.4353588867161 20216.55517333986 
856.7480917358371 20019.978431091324 
733.8207128906251 19825.853593750013 
620.793436584474 19634.60288238526 
518.8064770507808 19446.648518066417 
429.0000485229466 19262.4127218628 
352.5143652343759 19082.317714843753 
290.489641418455 18906.785718078623 
244.0660913085958 18736.23895263672 
214.3839291381846 18571.09963958741 
202.58336914062602 18411.790000000008 
0.0 5412.359449157724 
7.211884765623836 5151.860046386733 
22.13201171874971 4891.735478820818 
44.88336914062529 4632.53943359376 
75.58894531249825 4374.825597839357 
114.37172851562718 4119.147658691407 
161.3547070312561 3866.0593032836914 
216.66086914062907 3616.114218750008 
280.41320312500466 3369.8660922241106 
352.73469726563053 3127.8686108398397 
433.74833984375437 2890.6754617309634 
523.5771191406311 2658.84033203125 
622.3440234375048 2432.916908874511 
730.1720410156304 2213.4588793945295 
847.1841601562555 2001.0199307251023 
973.5033691406279 1796.1537499999977 
1109.2526562500025 1599.4140243530128 
1254.555009765627 1411.3544409179594 
1409.5334179687525 1232.5286868286203 
1574.3108691406305 1063.4904492187488 
1749.0103515625087 904.7934152221715 
1933.754853515631 756.9912719726562 
2128.6673632812526 620.6377066040004 
2333.870869140628 496.28640625000116 
2549.4883593750055 384.4910580444266 
2775.6428222656286 285.80534912110306 
3012.4572460937525 200.78296661378408 
3260.0546191406247 129.97759765625233 
3518.5579296875003 73.94292938231956 
3788.0901660156233 33.232648925782996 
4068.774316406252 8.400443420410738 
4360.7333691406275 0.0 
26353.903369140637 1.4551915228366852e-11 
PIECE 7 
QUANTITY 5 
NUMBER OF VERTICES 211 
VERTICES (X,Y) 
27198.92000000002 132.70000000001164 
51756.001906127945 277.9949844360526 
51972.981030273455 297.1385083008063 
52189.11185607912 327.8268649292295 
52403.95886718751 369.73634765627503 
52617.086547241226 422.54324981691025 
52828.059379882834 485.92386474611703 
53036.4418487549 559.5544857788336 
53241.79843750001 643.1114062500274 
53443.693629760746 736.270919494651 
53641.6919091797 838.709318847672 
53835.35775939943 950.1028976440575 
54024.25566406251 1070.127949218775 
54207.95010681152 1198.4607669067482 
54386.005571289075 1334.777644042988 
54557.986541137696 1478.754873962418 
54723.457500000004 1630.0687500000204 
54881.98293151855 1788.3955654907477 
55033.12731933594 1953.4116137695528 
55176.45514709472 2124.7931881714176 
55311.5308984375 2302.2165820312657 
55437.919057006846 2485.358088684108 
55555.18410644532 2673.894001464869 
55662.89053039551 2867.5006137085147 
55760.6028125 3065.8542187500134 
55847.88543640137 3268.631109924332 
55924.30288574219 3475.507580566409 
55989.41964416504 3686.1599240112555 
56042.800195312506 3900.2644335937657 
56084.00902282716 4117.497402648936 
56112.61061035158 4337.53512451172 
56128.16944152834 4560.053892517084 
56130.250000000015 4784.7300000000105 
55369.32608184815 40024.798897399916 
55334.21455322266 40228.48063232422 
55280.05575286866 40439.87683135987 
55208.20001953126 40658.34912109376 
55119.99769195555 40883.2591281128 
55016.79910888671 41113.9684790039 
54899.95460906983 41349.838800354 
54770.81453125 41590.23171875 
54630.72921417236 41834.508860778806 
54481.04899658203 42082.03185302734 
54323.12421722412 42332.16232208253 
54158.30521484376 42584.26189453126 
53813.38589599609 43091.81485595704 
53457.09375 43599.583750000005 
53100.23148681641 44102.46158935547 
52753.601816406255 44595.341386718756 
52587.50005035401 44836.436086120615 
52428.00744873048 45073.116154785166 
52276.474350280754 45304.74321929932 
52134.25109374999 45530.67890625 
52002.688017883294 45750.28484222413 
51883.13546142577 45962.92265380861 
51776.94376312256 46167.95396759034 
51685.463261718745 46364.74041015626 
51610.04429595948 46552.64360809327 
51552.037204589855 46731.025187988285 
51512.79232635499 46899.24677642823 
51378.09234375 48991.38812500001 
51251.25125 50916.72000000001 
51112.35953125001 52831.739375000005 
50921.06858367918 55217.29315856934 
50883.725427246085 55687.12147949219 
50848.284044494634 56145.77291809082 
50814.417949218754 56594.015429687504 
50781.80065521241 57032.616969604496 
50750.10567626952 57462.345493164066 
50719.00652618408 57883.968955688484 
50688.17671874999 58298.255312500005 
50626.01918701171 59107.88853027344 
50561.02119140624 59897.388789062505 
50490.570842285146 60672.899731445315 
50412.056249999994 61440.565 
50322.86552490234 62206.52823730469 
50220.38677734374 62976.933085937504 
50102.00811767577 63757.92318847656 
49965.11765624999 64555.6421875 
49888.91428436279 64962.69491149903 
49807.103503417966 65376.23372558594 
49719.358827209464 65797.026585083 
49625.35376953124 66225.8414453125 
49524.76184417722 66663.44626159669 
49417.25656494139 67110.60898925782 
49302.51144561767 67568.09758361816 
49136.14674255371 68181.12480285644 
49080.90421386718 68326.39154785157 
49014.985779418945 68472.12561462403 
48938.904804687496 68617.9723828125 
48853.174655151364 68763.57723205567 
48758.30869628907 68908.58554199219 
48654.820293579105 69052.64269226075 
48543.222812500004 69195.39406250001 
48297.75407714845 69475.56098144532 
48026.00941406251 69746.24933593751 
47732.095747070314 70004.62216308594 
47420.12 70247.8425 
47094.18909667969 70473.07338378907 
46758.4099609375 70677.47785156251 
46416.88951660156 70858.2189404297 
46073.7346875 71012.4596875 
45902.8277923584 71078.75588195802 
45733.05239746094 71137.36312988281 
45564.92186828614 71187.9268109131 
45398.9495703125 71230.09230468751 
45235.64886901856 71263.50499084473 
45075.53312988282 71287.81024902345 
44919.11571838379 71302.6534588623 
44766.909999999996 71307.68000000001 
23263.852578124992 71298.48328125 
23068.215624999997 71270.918125 
22879.959609375 71225.02203125 
22699.174999999996 71160.8325 
22525.95226562499 71078.38703125001 
22360.381874999992 70977.723125 
22202.554296874994 70858.87828125 
21102.66203857422 69773.55775390625 
20157.797558593753 68833.576875 
19216.878166503913 67901.13865234375 
18278.81546875 66975.43437500001 
16406.90658203124 65140.9928125 
14533.363749999997 63323.7825 
12649.479824218746 61517.333750000005 
10746.547656249997 59715.176875000005 
9785.217497558595 58813.68611328125 
8815.860097656248 57910.8421875 
7837.38706298828 57005.83638671875 
6697.5467773437485 55945.54970703125 
6566.087343749998 55783.42953125 
6454.4708007812515 55611.81552734375 
6362.83625 55431.02375 
6291.322792968749 55241.37025390625 
6240.069531249999 55043.17109375 
6209.215566406245 54836.74232421875 
6198.899999999998 54622.4 
6194.40708389282 42956.43087871552 
6181.117510986325 42860.89035980225 
6159.315044403076 42755.60949192048 
6129.283447265625 42640.90932373047 
6091.306482696535 42517.11090389252 
6045.667913818357 42384.5352810669 
5992.651503753659 42243.50350391388 
5932.541015624996 42094.33662109375 
5865.620212554932 41937.35568126679 
5792.172857666013 41772.881733093265 
5712.482714080808 41601.23582523347 
5626.833544921872 41422.73900634766 
5535.509113311764 41237.71232509613 
5438.793182373043 41046.47683013916 
5336.969515228266 40849.35357013703 
5230.321874999998 40646.66359375001 
5003.6897277831995 40225.86768646241 
4761.166845703119 39786.6574975586 
4505.0233337402315 39331.6014163208 
4237.529296874996 38863.267832031255 
3960.9548400878884 38384.22513397217 
3677.5700683593714 37897.04171142579 
3099.449999999997 36908.52625 
2521.329931640623 35918.26856201172 
2237.9451599121094 35428.90735626221 
1961.3707031250015 34946.815761718746 
1693.8766662597664 34474.56216766357 
1437.733154296875 34014.7149633789 
1195.2102722167983 33569.84253814697 
968.578125 33142.51328125 
760.1068176269546 32735.29558197022 
663.3908866882339 32540.031188087465 
572.0664550781257 32350.75782958985 
486.41728591918945 32167.79655513764 
406.7271423339844 31991.468413391114 
333.2797874450698 31822.094453010563 
266.35898437500146 31659.995722656255 
206.24849624633862 31505.493270988467 
153.23208618164062 31358.908146667483 
107.5935173034668 31220.56139835358 
69.61655273437646 31090.774074707035 
39.58495559692528 30969.867224388116 
17.782489013672603 30858.16189605713 
4.492916107177734 30755.97913837433 
0.0 30663.64 
6.341559448243061 4968.160905151381 
25.026459960936336 4845.432788085935 
55.54503479004052 4707.735337524398 
97.38761718750175 4556.358242187489 
150.04454040527344 4392.59119079588 
213.00613769531628 4217.723872070303 
285.76274230956915 4033.0459747314308 
367.8046875 3839.847187499996 
458.622306518555 3639.417199096686 
557.7059326171875 3433.0456982421892 
664.5458990478546 3222.022373657237 
778.6325390625025 3007.636914062503 
1026.5071728515686 2573.9383447265573 
1297.2525000000023 2142.2675000000017 
1586.7911865234382 1722.9418896484422 
1737.3338726806614 1521.1327691650513 
1891.0458984375 1326.2790234375134 
2047.4175970458964 1139.670341186531 
2205.9393017578113 962.5964111328212 
2366.1013458251946 796.3469219970721 
2527.3940624999996 642.2115625000006 
2689.3077850341797 501.48002136230934 
2851.3328466796884 375.44198730468634 
3012.9595806884754 265.38714904784865 
3173.678320312498 172.60519531249884 
3332.979398803709 98.38581481932488 
3490.3531494140625 44.018696289058425 
3645.2899053955043 10.793528442372917 
3797.279999999999 0.0 
27198.92000000002 132.70000000001164 
PIECE 8 
QUANTITY 5 
NUMBER OF VERTICES 136 
VERTICES (X,Y) 
18833.9067993164 0.0 
32442.718886146533 467.2720539093061 
32635.52136505126 487.04926330566377 
32822.830438652025 515.1936684417742 
33004.7323095703 551.4973095703099 
33181.31318042754 595.7522269439723 
33352.6592538452 647.750460815434 
33518.85673244474 707.2840514373747 
33679.991818847644 774.1450390624959 
33836.15071567534 848.1254639434701 
33987.41962554931 929.0173663329988 
34133.88475109099 1016.6127864837545 
34275.63229492187 1110.7037646484314 
34412.74845966338 1211.082341079702 
34545.31944793701 1317.540556030268 
34797.1707055664 1547.864062499997 
35031.875688781736 1800.0106060791004 
35250.124018554685 2072.3165087890593 
35452.60531585693 2363.1180926513553 
35640.00920166015 2670.751679687499 
35813.02529693603 2993.5535919189497 
35972.34322265624 3329.860151367182 
36118.65259979247 3678.0076800537063 
36252.6430493164 4036.332499999997 
36375.004192199696 4403.170933227542 
36486.42564941405 4776.859301757817 
36587.59704193114 5155.733927612309 
36679.20799072265 5538.131132812501 
36761.94811676024 5922.387239379881 
36836.50704101562 6306.838569335938 
36903.574384460444 6689.821444702153 
36963.8397680664 7069.6721875 
37017.99281280517 7444.727119750976 
37066.723139648435 7813.322563476562 
37110.72036956787 8173.794840698247 
37150.674123535144 8524.480273437504 
37187.27402252197 8863.715183715824 
37221.20968749999 9189.835893554693 
37253.17073944091 9501.178724975587 
37344.72873535155 10429.482614746092 
37396.38416259764 11083.129824218755 
37439.742509765616 11754.320676269534 
37475.733205566394 12440.354218750006 
37505.28567871093 13138.529499511722 
37529.329357910145 13846.145566406252 
37564.6080493164 15278.896250000002 
37589.004709472654 16716.998652343755 
37599.44584960937 17431.304367675788 
37609.9547680664 18138.845156250005 
37621.460893554686 18836.920065917973 
37634.893654785155 19522.828144531253 
37651.18248046875 20193.868439941412 
37667.81535644532 21058.16204833985 
37643.398537597655 21263.062949218758 
37599.03010742187 21460.98296142579 
37535.73383056641 21650.862343750006 
37454.53347167969 21831.641354980475 
37356.45279541016 22002.260253906254 
37242.515566406255 22161.65929931641 
37113.74554931641 22308.77875 
36971.166508789065 22442.558864746094 
36815.802209472655 22561.93990234375 
36648.67641601562 22665.86212158203 
36470.8128930664 22753.26578125 
36283.23540527343 22823.09114013672 
36086.967717285144 22874.278457031254 
35883.03359374999 22905.767990722663 
35672.4567993164 22916.500000000004 
1784.781762695311 22905.767990722663 
1580.8491625976567 22874.278457031254 
1384.582763671875 22823.09114013672 
1197.006330566408 22753.26578125 
1019.1436279296904 22665.86212158203 
852.018420410157 22561.93990234375 
696.6544726562497 22442.558864746094 
554.075549316407 22308.77875 
425.30541503906716 22161.65929931641 
311.3678344726577 22002.260253906254 
213.2865722656279 21831.641354980475 
132.08539306640523 21650.862343750006 
68.78806152343896 21460.98296142579 
24.41834228515654 21263.062949218758 
0.0 21058.16204833985 
16.630458984374854 20193.869978027345 
32.91748291015756 19522.83060546875 
46.347563476563664 18836.922922363283 
57.85039306640829 18138.84796875 
68.35566406250291 17431.306784667966 
78.79306884765901 16717.000410156248 
103.18304931640523 15278.896250000002 
138.45787353515698 13846.143808593755 
162.50133300781454 13138.527082519533 
192.0550805664061 12440.351406250003 
228.0488085937468 11754.317819824217 
271.4122094726554 11083.127363281252 
323.07497558593604 10429.481076660159 
414.63672882079845 9501.178526306161 
446.59248535156075 9189.835124511723 
480.52364593505627 8863.713511047368 
517.1197875976577 8524.477402343757 
557.0704873657232 8173.79051483154 
601.0653222656256 7813.316564941408 
649.7938693237302 7444.719269104004 
703.9457055664061 7069.662343750002 
764.2104080200224 6689.809505310062 
831.277553710941 6306.824470214844 
905.8367196655308 5922.370954895021 
988.5774829101574 5538.112675781253 
1080.1894204711934 5155.713349304198 
1181.3621093750007 4776.836691894532 
1292.7851266479483 4403.146419982913 
1415.1480493164054 4036.3062500000015 
1549.140454406741 3677.9798983764704 
1695.451918945313 3329.8310815429722 
1854.7720199584946 2993.523515930181 
2027.7903344726583 2670.720917968756 
2215.196439514162 2363.087004089357 
2417.6799121093754 2072.2854907226574 
2635.930329284667 1799.980094299317 
2870.6372680664062 1547.8345312500023 
3122.4903054809547 1317.5125180053801 
3255.0621039962716 1211.0552539444034 
3392.179018554685 1110.6777709960952 
3533.9272462844856 1016.5880337142953 
3680.392984313963 928.9940066528361 
3831.6624297714225 848.1036543655428 
3987.821779785154 774.124941406255 
4148.957231483459 707.2658323287978 
4315.154981994627 647.7342916870184 
4486.501228446959 595.7382840347345 
4663.082167968751 551.4857739257859 
4844.983997688294 515.1847259140122 
5032.292914733887 487.0431045532241 
5225.095116233824 467.2688743972758 
5423.476799316406 456.0699999999997 
18833.9067993164 0.0 
PIECE 9 
QUANTITY 5 
NUMBER OF VERTICES 179 
VERTICES (X,Y) 
24987.846696777335 139.12749023438664 
49493.57421844482 0.0 
49795.08452636718 30.773427734384313 
50094.08423492431 82.38537109376921 
50390.05995849609 154.08342773438198 
50682.4983114624 245.1151953125227 
50970.88590820312 354.72827148438955 
51254.70936309813 482.1702539062535 
51533.45529052734 626.6887402343855 
51806.6103048706 787.5313281249983 
52073.6610205078 963.9456152343919 
52334.09405181884 1155.1791992187646 
52587.39601318359 1360.4796777343872 
52833.05351898193 1579.0946484375163 
53070.55318359375 1810.2717089843936 
53299.381621398934 2053.258457031261 
53519.02544677735 2307.3024902343896 
53728.97127410889 2571.6514062500064 
53928.70571777344 2845.5528027343826 
54117.71539215089 3128.25427734376 
54295.48691162109 3419.0034277343802 
54461.506890563964 3717.0478515625146 
54615.26194335938 4021.6351464844047 
54756.23868438722 4332.012910156278 
54883.92372802735 4647.428740234391 
54997.80368865967 4967.130234374999 
55097.365180664056 5290.36499023439 
55182.09481842042 5616.380605468774 
55251.479216308595 5944.424677734394 
55305.004988708504 6273.7448046875215 
55342.15875 6603.588583984398 
55362.427114562975 6933.203613281265 
55365.29669677734 7261.837490234393 
55022.45974163056 25824.861546058673 
55012.47591888429 25873.541499328632 
54996.506573829654 25929.187466239942 
54974.723051757814 25991.549562988293 
54947.2966979599 26060.37790576936 
54914.39885772705 26135.422610778827 
54876.2008763504 26216.43379421236 
54832.87409912111 26303.161572265642 
54731.51953826906 26492.767377014177 
54611.705937500024 26702.240954589855 
54474.80405914309 26929.583234558122 
54322.184665527355 27172.795146484394 
54155.21851898194 27429.8776199341 
53975.27638183595 27698.831584472675 
53783.72901641845 27977.657969665546 
53581.9471850586 28264.357705078146 
53371.30165008546 28556.931720275898 
53153.16317382813 28853.38094482424 
52699.89044677735 29449.908740234394 
52233.09510253907 30037.94852783205 
51998.05335479736 30323.78774261476 
51763.743239746094 30601.507744140647 
51531.535519714365 30869.109461975124 
51302.80095703126 31124.593825683616 
51078.91031402588 31365.96176483156 
50861.23435302735 31591.2142089844 
50651.14383636475 31798.352087707543 
50450.00952636719 31985.376330566432 
50259.20218536378 32150.287867126484 
50080.0925756836 32291.087626953144 
49995.352783317576 32351.820881080646 
49914.05145965576 32405.776539611834 
49836.35994998932 32452.704718742396 
49762.449599609376 32492.355534667993 
49692.49175380707 32524.479103584323 
49626.65775787354 32548.825541687038 
49565.11895709991 32565.144965171836 
49508.04669677735 32573.18749023439 
43593.80134765625 32991.973439941416 
43448.68921630859 33020.47743164063 
43308.31430175781 33060.42680419923 
43173.400603027345 33111.378896484384 
43044.672119140625 33172.891047363286 
42922.85284912109 33244.520595703136 
42808.66679199218 33325.8248803711 
42702.83794677734 33416.361240234386 
42606.0903125 33515.68701416017 
42519.14788818359 33623.35954101564 
42442.734672851555 33738.936159667996 
42377.57466552734 33861.97420898439 
42324.39186523437 33992.031027832054 
42283.910270996086 34128.66395507814 
42256.85388183594 34271.43032958986 
42243.94669677734 34419.88749023439 
41915.32853271484 43139.83928710939 
41891.70200927734 43289.386865234395 
41855.61282958984 43433.21475585939 
41806.56669677734 43571.18749023439 
41744.06931396484 43703.16959960939 
41667.62638427734 43829.02561523439 
41576.74361083984 43948.62006835939 
41354.47040771484 44164.53219726564 
41232.081384277335 44252.82077148439 
41103.883142089835 44326.761142578136 
40969.99919677734 44386.43124023439 
40830.553063964835 44431.90899414064 
40685.668259277336 44463.27233398439 
40535.46829833984 44480.59918945314 
40380.076696777345 44483.96749023439 
7066.9967919921855 43720.1863574219 
6921.561989746091 43694.6678027344 
6781.266533203123 43655.35534179691 
6646.854665527344 43603.0024902344 
6519.07062988281 43538.362763671896 
6398.658669433591 43462.18967773439 
6286.36302734375 43375.23674804689 
6182.927946777343 43278.25749023439 
6089.097670898436 43172.00541992189 
6005.616442871093 43057.23405273439 
5933.228505859375 42934.69690429689 
5872.67810302734 42805.14749023439 
5824.709477539056 42669.33932617189 
5790.066872558591 42528.025927734394 
5769.494531249997 42381.960810546894 
5763.736696777343 42231.89749023439 
5864.952893066407 33628.11684570313 
5847.949704589844 33492.078740234385 
5819.068215332036 33359.56141601563 
5778.819509277348 33231.283115234386 
5727.71467041016 33107.96208007814 
5666.264782714845 32990.316552734395 
5594.980930175783 32879.064775390645 
5514.374196777344 32774.92499023439 
5424.955666503907 32678.615439453133 
5327.236423339846 32590.854365234387 
5221.727551269532 32512.360009765638 
5108.940134277347 32443.85061523439 
4989.385256347659 32386.04442382815 
4863.574001464845 32339.659677734395 
4732.017453613282 32305.414619140633 
4595.226696777345 32284.027490234388 
1194.3818701171858 31917.27733154298 
1053.2065209960929 31880.990283203137 
918.1255957031244 31831.920861816412 
789.7640405273432 31770.803583984387 
668.746801757814 31698.372966308612 
555.6988256835957 31615.363525390647 
451.2450585937495 31522.509777832056 
356.01044677734353 31420.54624023439 
270.619936523437 31310.207429199232 
195.69847412109266 31192.227861328138 
131.87100585937333 31067.34205322266 
79.76247802734179 30936.284521484384 
39.99783691406083 30799.789782714855 
13.20202880859324 30658.59235351564 
0.0 30513.426750488296 
1.0166967773438955 30365.027490234388 
1377.034364929199 5661.923414917008 
1390.9827685546861 5494.0691455078195 
1408.87813140869 5314.621304321292 
1430.8466772460924 5124.736513671887 
1457.014629821775 4925.571395874038 
1487.5082128906233 4718.282573242192 
1522.4536502075189 4504.026668090824 
1561.9771655273435 4283.960302734384 
1655.263325195312 3831.0226806640712 
1768.3764819335938 3368.7226855468907 
1902.3264257812498 2906.313295898479 
2058.122946777343 2453.0474902343994 
2144.5292330932607 2232.7349871826445 
2236.7758349609376 2018.1782470703329 
2334.988976135255 1810.5338922119263 
2439.2948803710933 1610.9585449219012 
2549.8197714233393 1420.6088275146612 
2666.689873046873 1240.641362304712 
2790.0314089965814 1072.2127716064715 
2919.970603027343 916.4796777344018 
3056.6336788940407 774.5987030029501 
3200.1468603515623 647.7264697265928 
3350.636371154784 537.0196002197627 
3508.2284350585924 443.634716796907 
3673.04927581787 368.7284417724877 
3845.2251171874977 313.45739746095205 
4024.8821829223616 278.9782061767619 
4212.146696777343 266.4474902343936 
24987.846696777335 139.12749023438664 
PIECE 10 
QUANTITY 5 
NUMBER OF VERTICES 323 
VERTICES (X,Y) 
20002.862320556636 68.13302734370518 
32013.406654052735 128.73255371089908 
32140.30417602539 144.79486328120402 
32263.946668701166 170.76180175776244 
32383.815914306637 206.3052148436982 
32499.393695068356 251.0969482421351 
32610.161793212894 304.80884765619703 
32715.601990966803 367.11275878902234 
32815.19607055664 437.68052734370576 
32908.425814208975 516.1839990233857 
32994.77300415039 602.2950195312151 
33073.71942260742 695.6854345702741 
33144.74685180664 796.0270898437011 
33207.33707397461 902.9918310546491 
33260.97187133789 1016.2515039062127 
33305.13302612304 1135.4779541015305 
33339.302320556635 1260.3430273437116 
34148.66240600586 4796.515441894488 
34192.60378540039 4918.20296874996 
34245.680018310544 5034.2522827148205 
34307.44466430664 5144.270058593713 
34377.45128295898 5247.862971191367 
34455.25343383788 5344.637695312471 
34540.404676513666 5434.2009057616815 
34632.458570556635 5516.159277343715 
34730.9686755371 5590.119484863244 
34835.48855102539 5655.68820312497 
34945.571756591795 5712.472106933565 
35060.77185180663 5760.07787109373 
35180.642396240226 5798.112170410139 
35304.73694946289 5826.181679687477 
35432.60907104492 5843.893073730447 
35563.81232055664 5850.853027343721 
48547.11588745117 5985.8566162109055 
48692.56601196288 5965.848925781218 
48833.36182983398 5932.229145507765 
48968.782476806635 5885.676464843709 
49098.10708862304 5826.870073242142 
49220.614801025375 5756.489160156212 
49335.58474975585 5675.212915039025 
49442.29607055663 5583.720527343714 
49540.02789916991 5482.6911865234 
49628.059371337884 5372.804082031216 
49705.66962280273 5254.738403320283 
49772.13778930663 5129.173339843706 
49826.743006591794 4996.788081054634 
49868.76441040039 4858.261816406215 
49897.481136474606 4714.273735351526 
49912.17232055664 4565.503027343715 
50049.19496704102 1943.6888598632358 
50078.95567993164 1804.0187499999593 
50122.64986938477 1670.5400366210524 
50179.422945556646 1543.7700585937127 
50248.420318603516 1424.226154785123 
50328.78739868164 1312.4256640624662 
50419.66959594726 1208.8859252929396 
50520.21232055664 1114.1242773437116 
50629.560982666015 1028.658059081994 
50746.86099243163 953.0046093749697 
50871.257760009765 887.6812670898071 
51001.896695556636 833.2053710937034 
51137.92320922852 790.0942602538562 
51278.48271118164 758.8652734374482 
51422.720611572266 740.0357495116768 
51569.78232055664 734.1230273437104 
55039.38504455566 757.8648648071103 
55173.827550048816 778.9360864257615 
55323.71946228027 813.0030685424572 
55487.700406494136 859.4921874999709 
55664.410007934566 917.8298196410906 
55852.4878918457 987.4423413085606 
56050.57368347167 1067.7561288451834 
56257.30700805664 1158.197558593718 
56471.32749084473 1258.1930068969377 
56691.27475708008 1367.168850097616 
56915.78843200683 1484.551464538541 
57143.50814086914 1609.767226562457 
57603.12416137696 1881.4036987304426 
58059.239820556635 2177.489277343717 
58500.97212036131 2493.4349731444963 
58713.04357360838 2657.421305847136 
58917.43806274412 2824.6517968749686 
59112.79521301267 2994.552822570782 
59297.754649658185 3166.5507592773356 
59470.95599792478 3340.0719833374023 
59631.03888305663 3514.5428710937267 
59776.64293029784 3689.3897988891404 
59906.40776489258 3864.0391430663876 
60018.97301208496 4037.917279968242 
60112.97829711914 4210.450585937477 
60187.06324523925 4381.0654373168945 
60239.867481689456 4549.188210449211 
60270.03063171387 4714.2452816772275 
60276.192320556635 4875.663027343719 
59090.04985687257 34659.64571655271 
59052.70140014649 34832.4635253906 
58996.270039367686 35012.5029406738 
58922.04886352541 35199.21044921872 
58831.33096160889 35392.03253784176 
58725.40942260743 35590.41569335935 
58605.57733551028 35793.80640258786 
58473.12778930665 36001.65115234372 
58329.353872985834 36213.396429443324 
58175.5486755371 36428.4887207031 
58013.0052859497 36646.37451293942 
57843.01679321289 36866.50029296872 
57485.87685424805 37311.25776367184 
57114.473570556635 37758.33302734372 
56739.15165405273 38203.29797851559 
56370.25581665038 38641.72451171873 
56018.13077026367 39069.18452148435 
55851.59001617431 39277.41829711912 
55693.12122680664 39481.24990234373 
55544.0174911499 39680.12582397458 
55405.57189819336 39873.4925488281 
55279.07753692628 40060.79656372068 
55165.82749633789 40241.484355468725 
55067.11486541748 40415.00241088864 
54984.2327331543 40580.79721679685 
54918.4741885376 40738.31526000974 
54580.60706115723 42002.03699523922 
54299.73602661133 43090.90910644528 
54028.087582397464 44155.45998474119 
53765.23009399414 45197.530253906225 
53510.73192687988 46218.9605377197 
53264.1614465332 47221.59145996091 
53025.08701843261 48207.26364440915 
52793.07700805664 49177.817714843724 
52567.6997808838 50135.09429504392 
52348.52370239258 51080.93400878904 
52135.11713806152 52017.17747985837 
51927.04845336914 52945.665332031225 
51525.19818481445 54786.73667480466 
51139.519820556634 56618.873027343725 
50766.560284423824 58456.79937988279 
50583.770990600584 59382.53536560056 
50402.866500244134 60315.24072265622 
50223.415178833 61256.75607482908 
50044.98539184569 62208.92204589841 
49867.14550476073 63173.57925964353 
49689.46388305663 64152.568339843725 
49511.50889221191 65147.7299102783 
49332.84889770507 66160.90459472654 
49153.052265014645 67193.93301696774 
48971.687359619136 68248.65580078123 
48788.32254699707 69326.91356994626 
48602.52619262695 70430.54694824216 
48413.866661987304 71561.39655944821 
48318.32831977844 72137.60264732358 
48174.79571899414 72946.38557373044 
48109.56169555664 73162.88839843747 
48027.06267211913 73370.01865478512 
47928.15107055663 73566.98349609372 
47813.679312744134 73752.99007568357 
47684.49982055663 73927.24554687497 
47541.46501586913 74088.95706298825 
47385.427320556635 74237.33177734372 
47217.23915649414 74371.57684326169 
47037.75294555664 74490.89941406247 
46847.821109619144 74594.50664306639 
46648.296070556644 74681.60568359372 
46440.03025024414 74751.40368896481 
46223.876070556646 74803.10781249998 
46000.68595336914 74835.9252075195 
44606.93981079102 74863.95074798581 
43430.50642211914 74878.02908935543 
42242.894927978516 74890.83707061765 
41044.988101806644 74901.91371093747 
39837.66871704102 74910.79802947995 
38621.81954711914 74917.02904541013 
37398.323365478514 74920.14577789303 
36168.06294555664 74919.68724609373 
33690.780484619136 74906.20046630857 
31197.034351806644 74872.88085937497 
28693.886734619147 74816.04057861326 
26188.39982055664 74731.99177734372 
24936.986060791016 74678.61172943113 
23687.635797119136 74617.0466088867 
22441.23180297851 74546.83543487547 
21198.656851806638 74467.51722656247 
19960.793717041015 74378.63100311277 
18728.52517211914 74279.71578369138 
17502.733990478515 74170.31058746335 
16284.30294555664 74049.95443359372 
15074.114810791012 73918.18634124752 
13873.052359619138 73774.54532958982 
12681.998365478514 73618.57041778561 
11501.83560180664 73449.80062499997 
10333.446842041016 73267.77497039792 
9177.71485961914 73072.0324731445 
8035.522427978514 72862.11215240476 
6647.418033447266 72571.59135009763 
6399.767711181639 72484.72882812496 
6165.860787353515 72378.01172607418 
5946.75669555664 72252.48630859372 
5743.514869384764 72109.198840332 
5557.194742431639 71949.19558593747 
5388.855748291015 71773.52281005857 
5239.55732055664 71583.22677734372 
5110.358892822263 71379.35375244138 
5002.319898681639 71162.94999999997 
4916.499771728515 70935.06178466794 
4853.957945556638 70696.73537109372 
4815.753853759763 70449.01702392576 
4802.946929931637 70192.95300781247 
4816.596607666012 69929.58958740231 
5009.77638000488 68914.54516113279 
5158.408858642575 68191.99888671872 
5303.620831909178 67490.85362792967 
5445.37337524414 66809.62880859373 
5583.6275640869135 66146.84385253904 
5718.34447387695 65501.018183593726 
5849.485180053709 64870.67122558591 
5977.01075805664 64254.32240234372 
6100.882283325196 63650.49113769528 
6221.06083129883 63057.69685546872 
6337.507477416992 62474.45897949216 
6450.18329711914 61899.29693359372 
6664.066759033205 60767.278027343724 
6862.39982055664 59649.795527343726 
7044.871085205075 58535.00482421872 
7211.169156494139 57411.06130859372 
7288.155933227537 56841.95580566404 
7360.982637939451 56266.120371093726 
7429.610346069336 55682.07442871091 
7494.000133056641 55088.33740234372 
7554.113074340821 54483.42871582028 
7609.910245361327 53865.86779296872 
7661.352721557614 53234.17405761715 
7708.401578369139 52586.866933593716 
7751.017891235351 51922.465844726525 
7789.1627355957025 51239.49021484372 
7822.797186889649 50536.459467773406 
7850.478629150395 49600.77072265623 
7830.833414306646 49396.35271484373 
7793.240465087894 49198.25861328123 
7737.993570556642 49006.108027343726 
7665.386519775391 48819.52056640622 
7575.713101806639 48638.115839843726 
7469.26710571289 48461.51345703122 
5776.855914306641 46260.89802734372 
4199.82357055664 44237.72052734373 
986.1882592773436 40138.8545554733 
944.4942443847649 40052.96073089597 
903.9453417968743 39947.25019016263 
864.5266174316384 39822.35156982419 
826.2231372070291 39678.89350643155 
789.0199670410148 39517.50463653561 
752.9021728515618 39338.81359668728 
717.8548205566403 39143.44902343747 
683.8629760742188 38932.03955333707 
650.9117053222653 38705.21382293698 
618.9860742187502 38463.60046878812 
588.0711486816399 38207.828127441375 
558.1519946289045 37938.52543544766 
529.2136779785142 37656.321029357874 
501.2412646484372 37361.843545722935 
474.2198205566383 37055.72162109372 
448.134411621093 36738.583892021146 
422.97010375976424 36411.05899505612 
398.7119628906239 36073.775566749544 
375.3450549316385 35727.362243652315 
352.85444580078 35372.44766231534 
331.2252014160149 35009.660459289524 
290.4910705566399 34262.98273437498 
253.02318969726548 33492.358161315904 
218.70208618163997 32702.81583251951 
187.40828735351533 31899.384840393046 
159.0223205566399 31087.094277343727 
110.49599243163902 29456.050808105443 
90.11668579101388 28647.356086730935 
72.16732055664033 27849.918164062474 
56.5284240722649 27068.7661325073 
43.08052368164135 26308.929084472635 
31.704146728514388 25575.4361123657 
26.755444335936772 25220.140246162395 
22.279820556639606 24873.316308593727 
18.262341308593022 24535.59293621061 
14.688072509763515 24207.59876556394 
11.542080078121217 23889.96243320463 
8.809429931638078 23583.312575683573 
6.475187988278776 23288.277829551676 
4.524420166013442 23005.48683135984 
2.94219238281039 22735.568217658976 
1.7135705566397519 22479.15062499998 
0.8236206054680224 22236.862689933754 
0.25740844726533396 22009.333049011213 
0.0 21797.190338783243 
0.03646118164033396 21601.063195800758 
0.3518579101564683 21421.58025661466 
0.9312561035148974 21259.370157775862 
1.7597216796875728 21115.061535835244 
2.822320556640989 20989.28302734373 
205.91970123290957 2096.9237631225405 
243.95847534179848 1889.1721557616984 
304.2095285034193 1695.5531082153175 
385.3637463378909 1515.5715234374802 
486.1120144653323 1348.7323043823126 
605.1452185058588 1194.540354003897 
741.1542440795893 1052.5005752563302 
892.829976806639 922.1178710937384 
1058.8633023071288 802.8971444702038 
1237.9451062011722 694.3432983398379 
1428.766274108888 595.9612356567231 
1630.0176916503915 507.25585937498545 
1840.3902444458 427.7320724487072 
2058.574818115234 356.8947778320289 
2283.262298278809 294.2488784790039 
2513.14357055664 239.29927734372905 
2746.9095205688463 191.5508773803449 
2983.2510339355467 150.50858154294838 
3458.424293212891 86.56191406247672 
3928.1904333496095 43.49849853513297 
4382.0765393066395 17.35755859373603 
4599.791793518065 9.395274353024433 
4809.6096960449195 4.1783178710902575 
5010.22113250732 1.2115921020449605 
5200.316988525388 0.0 
5378.588149719237 0.048444519052281976 
5543.725501708985 0.8618286132696085 
5694.4199301147455 1.945055236807093 
5829.36232055664 2.8030273437325377 
20002.862320556636 68.13302734370518 
