PIECE 1 
QUANTITY 5 
NUMBER OF VERTICES 130 
VERTICES (X,Y) 
5000.0 9736.969070056643 
7571.765325067992 9732.001323322023 
7714.088878625977 9717.345809558596 
7852.907536017457 9693.374118427004 
7988.142547585938 9660.457839587893 
8119.715163674927 9618.968562701906 
8247.54663462793 9569.27787742969 
8371.558210788451 9511.757373431887 
8491.6711425 9446.778640369143 
8607.80668010608 9374.713267902102 
8719.886073950194 9295.932845691408 
8931.56143172656 9119.713210681643 
9126.067218577147 8921.092452625002 
9302.77343725 8703.043288806643 
9461.050090493165 8468.53843651172 
9600.267181054689 8220.550613025393 
9719.794711682618 7962.052535632814 
9819.002685125 7696.0169216191425 
9897.261104129884 7425.416488269533 
9953.939971445314 7153.2239528691425 
9988.409289819338 6882.412032703127 
10000.039062 6615.9534450566425 
9987.92036960205 474.722929122805 
9953.348311878906 369.61761486718933 
9898.998918036621 279.09791004614453 
9827.54821728125 202.52265941601763 
9741.672238818846 139.25070773315747 
9644.04701185547 88.64089975390743 
9537.348565597167 50.052080234621826 
9424.25292925 22.843093931642215 
9307.43613202002 6.372785601319265 
9189.574203113283 0.0 
9073.34317173584 3.083581884035084 
8961.41906709375 14.982376009767904 
8856.477918393066 35.055227133547305 
8761.195754839842 62.66098001172213 
8678.248605640136 97.15847940063759 
8509.791555404541 212.74619072924907 
8422.001876830078 280.67260718750185 
8345.484056469482 343.0251787170437 
8278.778686515625 401.1432646035191 
8220.426359161378 456.3662241325728 
8168.9676665996085 510.03341658984755 
8080.8935546249995 618.057937431644 
8002.881088134765 735.9317014140652 
7923.255004671875 874.3695828222681 
7879.188337057861 954.6484657751498 
7830.340041779296 1044.0864559414076 
7775.250711029053 1144.0229126066915 
7653.03725201416 1348.215789504884 
7585.731734894531 1431.5015409238313 
7511.296891897949 1506.298522799807 
7430.48522928125 1573.2508086191438 
7344.049253301269 1633.0024718681661 
7252.7414702148435 1686.1975860332059 
7058.5205077499995 1775.4944610566426 
6853.842391941405 1846.2940215800809 
6644.72717284375 1903.7488554941428 
6437.1949005117185 1953.0115506894545 
6109.42619309375 2024.5796964414076 
5961.693725375 2045.7324980722678 
5800.18348671875 2063.4703826640653 
5631.010742 2078.5706329316426 
5294.1387938749995 2103.967361353518 
5138.67012021875 2115.8184049375013 
4861.316985939453 2115.8184049375013 
4705.838622828125 2103.967361353518 
4368.955077875 2078.5706329316426 
4199.7795102441405 2063.4703826640653 
4038.2678219843747 2045.7324980722678 
3890.534820201172 2024.5796964414076 
3562.777251841797 1953.0115506894545 
3355.2502438593747 1903.7488554941428 
3146.1357114160155 1846.2940215800809 
2941.455077875 1775.4944610566426 
2747.2297665996093 1686.1975860332059 
2655.919551612549 1633.0024718681661 
2569.481200953125 1573.2508086191438 
2488.667392541748 1506.298522799807 
2414.230804298828 1431.5015409238313 
2346.9241141447756 1348.215789504884 
2224.7102259709472 1144.0229126066915 
2169.620895220703 1044.0864559414076 
2120.7725999421386 954.6484657751498 
2076.705932328125 874.3695828222681 
1997.0798488652347 735.9317014140652 
1919.067382375 618.057937431644 
1830.9932704003907 510.03341658984755 
1779.5345778386234 456.3662241325728 
1721.1822504843751 401.1432646035191 
1654.4768805305177 343.0251787170437 
1577.959060169922 280.67260718750185 
1490.169381595459 212.74619072924907 
1321.7132087402344 97.15847940063759 
1238.7685390937502 62.66098001172213 
1143.4902283847657 35.055227133547305 
1038.5540769375 14.982376009767904 
926.6358850761718 3.083581884035084 
810.4114531249999 0.0 
692.556581408203 6.372785601319265 
575.74707025 22.843093931642215 
462.6587199746094 50.052080234621826 
355.96733090625 88.64089975390743 
258.34870336914065 139.25070773315747 
172.47863768750003 202.52265941601763 
101.03293418554688 279.09791004614453 
46.68739318750001 369.61761486718933 
12.117815017578124 474.722929122805 
0.0 595.0550080566427 
11.628894800292967 6882.405595483889 
46.09573362109375 7153.212737802736 
102.77074809228516 7425.401983068849 
181.02416984375 7696.000442337892 
280.22623050537106 7962.035226665529 
399.74716170703124 8220.533447107424 
538.9571950786133 8468.52221471924 
697.22656225 8703.028640556642 
873.9254948510742 8921.079835675295 
1068.4242245117189 9119.702911130862 
1280.0929828618166 9295.924977979006 
1392.1693201797489 9374.70660538019 
1508.3020015312502 9446.773147275393 
1628.4123058700563 9511.752992546571 
1752.4215121499024 9569.274530075685 
1880.250899324524 9618.966148744692 
2011.8217463476565 9660.456237435548 
2147.055332173034 9693.373185030214 
2285.8729357543943 9717.345380410647 
2428.195836045471 9732.001212458803 
5000.0 9736.969070056643 
PIECE 2 
QUANTITY 5 
NUMBER OF VERTICES 103 
VERTICES (X,Y) 
4718.748092507813 8018.992309111328 
4849.032058455078 8021.733398078125 
5124.392165783203 8027.929687375 
5396.617507673828 8028.266601484375 
5522.98301682422 8023.683471466797 
6468.308181564454 7915.991821078125 
6879.442825091797 7857.558517333984 
7288.435134658203 7790.522460875 
7695.61836219336 7713.003616306641 
8101.325759626954 7623.121948234375 
8505.890578888673 7518.997421263672 
8992.630920074218 7365.21781921289 
9067.494582861329 7320.775756828125 
9133.476714828126 7266.423110935547 
9189.816970533204 7203.1591796249995 
9235.755004535156 7131.983260986328 
9270.530471392578 7053.894653109375 
9293.383025664061 6969.892654083984 
9363.622512626953 5608.409423609375 
9430.764236408202 4336.230468625 
9485.403518689453 3064.666747828125 
9501.917877216796 2429.18655361914 
9499.901657103514 1696.7179102871096 
9476.444168033202 1604.7808833593754 
9438.698959212888 1519.539107908202 
9387.771072158203 1442.3974606249994 
9324.765548384767 1374.7608182011718 
9250.787429408203 1318.0340573281246 
9166.941756744141 1273.6220546972654 
8905.58319058203 1201.2467190253901 
8744.520950048829 1158.8043210781252 
8591.825713851564 1114.3999479980466 
8448.176345533204 1066.8310546249995 
8314.251708636719 1014.8950957988272 
8190.730666705079 957.3895263593749 
8078.292083281251 893.1118011464841 
7825.691756867188 683.6466215605469 
7694.720535017578 542.6202390468752 
7579.4908902695315 404.63066079101554 
7474.792556533203 276.5283201250004 
7375.41526771875 165.16365038086042 
7276.148757736329 77.38708489062446 
7224.928836654054 44.4851016569819 
7171.782760496094 20.04905698632774 
7116.05924600122 4.935255045165832 
7057.1070099082035 0.0 
4597.9663849082035 17.8125 
2286.353406426758 11.232223505126967 
2225.690001962891 44.229736306640916 
2164.973840237305 96.40571589624051 
2102.3822779707034 165.1733397656244 
2036.0926718837889 247.9457854064931 
1964.2823786972656 342.13623031054703 
1885.1287551318358 445.1578519694831 
1796.8091579082031 554.4238278749999 
1697.5009437470706 667.347335518798 
1585.3814693691409 781.3415523925778 
1458.6280914951174 893.819655988038 
1315.4181668457034 1002.1948237968754 
1153.9290521416017 1103.8802333107906 
972.3381041035158 1196.289062021484 
768.8226794521486 1276.834487420654 
443.8085936269531 1370.1845546972654 
346.37886028320315 1405.5340573281246 
253.18893412695314 1449.4483182011718 
168.15681440820313 1502.3974606249994 
95.20050037695313 1564.851607908202 
38.23799128320313 1637.2808833593754 
1.1872863769531232 1720.1554102871096 
0.0 2454.4178766972655 
32.29927058007813 3096.480712390625 
79.16183460546875 3739.7538752324217 
134.8853300332031 4383.857421375 
250.1056669238281 5673.035888171875 
298.1977843007812 6317.350921130859 
345.1922606191406 7052.7728268125 
375.0897977832031 7144.3676755625 
419.8179624472656 7233.19030746875 
477.1607206582031 7316.66992175 
544.9020384628907 7392.235717625 
620.8258819082032 7457.3168943125 
702.7162170410156 7509.34265103125 
833.9642059993896 7559.423222041809 
887.1646213681639 7573.8074106938475 
1014.3641662597654 7604.429015613281 
1165.993757225586 7637.094535327637 
1338.0915069082032 7671.29150340625 
1526.6955279501956 7706.507453418457 
1727.843932994141 7742.229918933594 
2151.9263456582034 7813.14453075 
2578.643646041016 7879.935607410156 
2783.085660733399 7910.50365397998 
2976.3007352832037 7938.50341746875 
3154.3269823330083 7963.422431445801 
3313.202514525391 7984.748229480469 
3448.96544450293 8001.96834514209 
3506.9415938619386 8008.878626323425 
3672.948150511719 8023.672256113281 
3799.3097684863287 8028.25012178125 
4071.5259550332034 8027.91503875 
4346.884231517578 8021.72790484375 
4477.1734619140625 8018.990706917969 
4718.748092507813 8018.992309111328 
PIECE 3 
QUANTITY 5 
NUMBER OF VERTICES 167 
VERTICES (X,Y) 
5760.742187 5329.89070892334 
8073.040008523438 5326.046714761231 
8134.757079999999 5315.493736188965 
8206.898345789063 5299.700279077637 
8284.33593725 5280.13484929834 
8434.588622625 5235.562095220215 
8497.147979257814 5213.491782663574 
8599.158773010255 5166.915311318848 
8661.589889191408 5136.387214181153 
8805.28503396875 5066.32320361084 
8966.656265136717 4988.835181821777 
9136.7822265 4909.42684142334 
9306.74156186328 4833.601875024902 
9467.61291503125 4766.8639752358395 
9541.852674480957 4738.622579260254 
9610.474929808594 4714.716834665527 
9672.364511489746 4695.834703027832 
10683.945312125 4486.04793504834 
11158.682861046876 4380.8642193764645 
11708.605928420899 4238.541088104248 
11773.097915648437 4200.3754806518555 
11829.690389629883 4151.577167510986 
11878.7384033125 4093.485679626465 
11920.597009643556 4027.4405479431152 
11955.621261570312 3954.7813034057617 
11984.16621204004 3876.8474769592285 
12006.586914 3794.97859954834 
12034.475784179685 3624.793815612793 
12042.1282956875 3454.943199157715 
12032.384872101564 3296.142997741699 
12021.877317016602 3224.2356300354004 
12008.085937 3159.10945892334 
11321.254453247071 444.0515037231444 
11280.470809601564 373.24970211865184 
11230.122995108399 317.7860734165033 
11171.3958738125 275.89107492334006 
11105.474309758789 245.7951639458006 
11033.543166992185 225.7287977905271 
10956.787309557616 213.922433764159 
10876.3916015 208.60652917333937 
10709.420089695312 210.36792752490146 
10542.1075439375 216.85665129833978 
10383.932876585937 213.9163589467771 
10311.234407424805 204.48647499072285 
10149.636669153319 155.3386688232422 
10065.570526101561 127.1609115600586 
9990.627384139647 102.60818481445312 
9923.2580565625 81.43123626708984 
9805.044097742186 48.207664489746094 
9698.535156 25.496177673339844 
9591.337737695314 11.302757263183594 
9471.0583491875 3.6333847045898438 
9402.139949344728 1.6220855712890625 
9325.303496835939 0.49404144287109375 
9238.999804956056 0.0 
9076.24426791748 4.912309646484573 
9015.934371449219 19.39090728662086 
8960.44278095166 42.44719504980458 
8909.46227978125 73.20186614208978 
8819.805678847657 154.2891311381827 
8744.5068355 255.61824792333937 
8681.108016589846 370.15476214599585 
8627.15148896875 490.86421945459006 
8580.17951948828 610.7121654975581 
8497.027921671142 818.4242148222656 
8454.160995462891 901.6847605678713 
8408.920450167723 973.3303542333988 
8361.093139578124 1034.2455668920902 
8310.46591748657 1085.3149696171877 
8256.825637685546 1127.4231334819324 
8199.959153967528 1161.4546295595692 
8139.6533201249995 1188.2940289233393 
8007.871017236328 1223.934821802246 
7859.773559359375 1241.4220807045895 
7693.655776833984 1247.8323742163084 
7507.8125 1250.2422709233397 
5760.742187 1274.8907089233398 
3920.7936091191405 1249.432000696289 
3837.7392573125 1249.1214367163084 
3763.660735583984 1248.338117285156 
3697.6708979375 1246.1095807045895 
3586.40869090625 1233.427009302246 
3496.85546825 1203.2940289233393 
3458.0018610722655 1179.2524811220692 
3421.914062 1147.9309459819324 
3387.704925037109 1108.3569618046877 
3354.4873041875 1059.5580668920902 
3321.374053455078 1000.5617995458988 
3287.47802684375 930.3956980678713 
3251.9120783574217 848.0873007597656 
3176.917037464844 644.1496654975581 
3144.66247509375 533.36421945459 
3111.520766738281 425.46726214599585 
3071.98730425 325.61824792333937 
3020.557479480469 238.9766311381827 
2988.6612411938477 202.22092626953054 
2951.72668428125 170.70186614208978 
2909.065732724121 145.06438254980458 
2859.990310503906 125.95340728662086 
2803.8123416020508 114.01387214648457 
2640.838623046875 111.01117133544903 
2549.77294921875 114.36283109521446 
2387.021484375 127.70137779833931 
2242.71240234375 149.7896193139659 
2107.96875 180.51082592334024 
1973.9135742187502 219.74826790771476 
1831.6699218750002 267.38521554834006 
1672.3608398437502 323.3049391264649 
1583.5327148437502 354.33436385497953 
1424.9176788320312 416.792869546387 
1359.6978759687502 460.66219322021425 
1290.5825042460938 514.4558332768556 
1216.7041015 573.6309430483398 
1137.1952055664062 633.6446758666989 
1051.18835428125 689.9541850639653 
957.8160854804686 738.0166239721675 
731.108855845703 799.6033092749021 
592.020263390625 822.1276471108395 
448.52066014648443 845.2241894780273 
310.1855466250001 873.2549664233393 
186.59042333789068 910.5820079936511 
133.3127019421387 934.0947624028322 
87.31079079687501 961.5673442358402 
49.781627466064464 993.5450072485355 
21.922149513671883 1030.5730051967776 
4.929294503662112 1073.1965918364258 
0.0 1121.9610209233397 
56.1138151640625 3074.1061781401368 
59.0863035 3185.899619845215 
62.724380273437504 3307.4242017456054 
67.39746075 3435.83309154834 
81.326293875 3701.9164656889648 
115.45327177783203 4054.7474861088867 
128.35700972265624 4135.884208657715 
143.04614043896484 4205.757884933106 
160.02746553125002 4265.341148298339 
179.8077866040039 4315.606632116699 
202.89390526171874 4357.526969751465 
229.79262310888674 4392.074794565918 
261.01074175 4420.22273992334 
338.4323878320313 4461.2095257202145 
439.21325634375 4488.268394048339 
499.6304030219727 4499.006442569824 
567.4077601210937 4509.180411813964 
643.0521292456054 4519.762935144043 
1046.8413540351564 4575.525855661621 
1383.49792459375 4617.9650494545895 
1725.9506987304687 4661.1778637944335 
2063.1103515 4707.297935173339 
2383.8875579570313 4758.458900083496 
2534.6673297729494 4786.596479016602 
2677.19299315625 4816.79439501709 
2810.0783824887694 4849.319352646484 
2931.9373321523435 4884.438056466309 
3041.383676528809 4922.417211038086 
3162.5174998356933 4975.736121636963 
3199.8329923886718 4993.374595163574 
3247.281884915283 5015.581550144287 
3303.168334671875 5041.499595220215 
3433.4705349003907 5101.039390222168 
3577.172851125 5165.13484929834 
3720.708541396484 5226.926841577637 
3850.510863765625 5279.556236188965 
3906.0224051276855 5300.291480971924 
3953.013076283203 5316.163902261231 
3989.787034488525 5326.316108697998 
5760.742187 5329.89070892334 
PIECE 4 
QUANTITY 5 
NUMBER OF VERTICES 217 
VERTICES (X,Y) 
9801.029377119872 13438.170719146729 
9870.299224927732 13417.737550674316 
9936.961879760007 13388.08742512866 
10000.671386718748 13350.127916207519 
10061.081790906004 13304.766597608641 
10117.847137423827 13252.911043029784 
10219.058837859375 13133.347520723144 
10301.538848841798 12998.697938869627 
10362.519531187501 12856.222887051268 
10399.233245712892 12713.182954850097 
10407.625102798096 12643.72009285034 
10408.912353234375 12576.838731848144 
10288.257856505372 9079.21379055835 
10304.785995558594 8996.918306076659 
10332.721033129394 8922.454585797117 
10370.466918953123 8854.692125113768 
10416.427602765134 8792.500419420652 
10469.00703430078 8734.748964111815 
10587.637939484373 8628.044786223143 
10713.591232386718 8525.535554600096 
10834.098510890624 8418.177232395019 
10888.319769081541 8359.853400809327 
10936.391372878907 8296.925782760252 
10976.717272018066 8228.263873641845 
11039.076614597656 8054.133195459472 
11076.608276578125 7934.9454208012685 
11118.989486886718 7802.678422510253 
11164.913330234374 7664.8367782231435 
11213.072891332029 7528.925065576659 
11262.161254890625 7402.4478622075185 
11310.871505621095 7292.90974575244 
11406.183776656739 7134.34779133667 
11450.059814316408 7069.723710740722 
11490.559387114748 7013.228368530516 
11528.717040953126 6964.147081176268 
11602.14477535547 6885.367936916503 
11678.619384734375 6827.668809723144 
11766.41723630078 6785.332231357909 
11873.814697265623 6752.640733582519 
11937.449646025876 6738.125181091553 
12009.088134839842 6723.87684815869 
12089.764709608886 6709.181051254149 
12287.357711990235 6663.816194473144 
12384.38293471875 6616.305894723144 
12472.160415736327 6554.080324035644 
12551.260986359373 6480.427598848144 
12622.255477904295 6398.635835598145 
12685.714721687498 6311.993150723143 
12813.731479857908 6091.891527252685 
12833.171539503905 6037.060289443847 
12866.298828265624 5904.429063801268 
12892.070770324217 5749.968004150878 
12910.865478484375 5584.231309723144 
12923.061065550783 5417.773179748534 
12929.035644328125 5261.147813457519 
12929.167327621095 5124.909410080567 
12927.160243712404 5067.7335067443855 
12897.682342412108 4756.6922469731435 
12867.482910156248 4477.9666610356435 
12804.107666109374 3895.8035750981435 
12775.51498420117 3603.7186141606435 
12752.041015624998 3318.5330672856435 
12735.977325322265 3045.9232040043935 
12729.615478234375 2791.5652938481435 
12724.132299559571 910.7872581481934 
12725.189743117187 850.2702044829093 
12726.255493171873 713.235826363767 
12720.96290588281 563.8097857055636 
12703.360595734373 412.7225207231422 
12667.497177210937 270.704469631346 
12640.857744334959 206.44966123656923 
12607.421264796874 148.48607064501812 
12566.443815407225 98.15500263354261 
12517.181472976563 56.79776197900355 
12458.89031431543 25.75565345825089 
12319.404564040038 0.0 
12251.510925367185 6.232881484862446 
12187.086677581052 23.77378453417805 
12126.072998046873 51.327867379392046 
12068.411064129881 87.60028825194968 
12014.042053195311 131.296205383298 
11914.947509734375 235.77916134814222 
11828.318786585938 354.4180011254866 
11753.685302671876 476.8539905668931 
11690.576476914064 592.7283955239254 
11593.688382903563 777.045860372802 
11545.240707259765 872.162752232909 
11493.607339763428 975.426807482665 
11439.216918875001 1085.2316761762686 
11323.879470763673 1318.0384541118146 
11202.657470609376 1557.7322864731432 
11078.980026095704 1791.4623736938447 
10956.27624490625 2006.3779162075189 
10896.36107420923 2102.7643583347162 
10837.975234724609 2189.6281144477543 
10781.547364912842 2265.36283460083 
10558.488235335937 2518.205690131348 
10385.299682546876 2721.766099801269 
10200.598373351564 2931.011018713376 
9997.042236234376 3137.908067723143 
9885.899209856447 3237.966022531982 
9767.289199679688 3334.4248676860334 
9640.29444676465 3426.2805557922366 
9503.997192171875 3512.5290394575186 
9357.479676961915 3592.1662712888174 
9199.824142195312 3664.1882038930653 
9030.112828932617 3727.5907898771966 
8662.805509374024 3829.1029644011214 
8490.469589117189 3873.8722705219698 
8328.242349575195 3915.491933716061 
8173.945922859375 3953.775987488767 
7880.434036351562 4019.593400791502 
7592.510986484374 4069.8367784731436 
7292.7538301484365 4103.01838857666 
7132.992792333007 4112.746114550049 
6963.739624234375 4117.65049914502 
6782.816457963867 4117.545575866945 
6588.045425632812 4112.245378221192 
6377.248659352539 4101.5639397131345 
6015.446138518309 4074.5487495939924 
5861.033706740234 4061.35640118994 
5688.431234392822 4045.4172418610815 
5501.05895996875 4026.410264832517 
5302.337121960694 4004.014463329342 
5095.685958861328 3977.908830576658 
4672.276611359375 3913.2840442231427 
4462.3589039421395 3874.1228770725065 
4258.192825404298 3829.967851572752 
4063.198614238526 3780.497960948971 
3880.7965089375 3725.392198426267 
3714.4067479938967 3664.329557229734 
3567.4495699003905 3596.989030584471 
3443.3452131496583 3523.0496117155744 
3345.5139162343753 3442.1902938481435 
1547.2698976796873 1629.6434498442359 
1439.8791506093748 1538.634386066893 
1328.7677004140623 1461.9130419926732 
1210.5334474843748 1401.2527940981436 
1081.7742922109373 1358.427018859864 
939.088134984375 1335.209092754394 
779.0728761953125 1333.3723922583013 
691.503677586914 1341.026181762696 
485.72479253515627 1387.7494521743156 
376.1975097031251 1445.0375838950185 
273.4744261367188 1522.783174123535 
181.285400234375 1617.214707973144 
103.36029039453128 1724.56067055713 
43.42895501562501 1841.0495469887683 
5.221252496093751 1962.9098223813453 
0.0 2590.575303895017 
13.414306609375 3082.1024034731436 
34.31396478125001 3573.29258898877 
75.61290713403321 4221.423101090088 
90.06744358789062 4373.225602830567 
127.2229001875 4693.31456164502 
173.39447009179688 5028.522538967285 
226.207275359375 5370.618028473144 
283.28643804882813 5711.369523838378 
342.25708021875005 6042.545518738769 
400.7443239277344 6355.914506850097 
429.0645220026856 6503.349027633543 
478.73443610937505 6734.250536025878 
509.7546386718751 6821.423692707518 
549.7872924531251 6902.854661865722 
599.1857909843751 6976.633653473144 
658.3035277968751 7040.85087750244 
727.4938964218751 7093.596543926269 
807.110290390625 7132.960862717284 
1231.262817123047 7212.349214137206 
1547.85522440625 7275.0046249106435 
1698.06228621167 7313.237266138183 
1841.9952391347656 7358.287782277832 
1978.993072431885 7411.817111593262 
2108.394775359375 7475.486192348144 
2229.5393371735845 7550.9559628061525 
2341.76574713086 7639.887361230956 
2444.412994487549 7743.94132588623 
2536.8200685 7864.778795035643 
2618.32595842456 8004.060706942871 
2688.2696535175783 8163.4479998715815 
2745.9901430354007 8344.601612085447 
2805.7248689921876 8606.745500646972 
2828.7591554843752 8659.588975988769 
2859.078293039063 8707.856645666503 
2895.8312989843753 8751.692247473144 
2985.234985359375 8826.642198645019 
3090.162353234375 8885.588731848144 
3687.0837404531253 9167.627306066894 
3748.0557253164066 9205.5682850708 
3799.9475099843753 9247.678575598144 
3841.636657933594 9296.065721594237 
3872.0007326406253 9352.837267004394 
3889.9172975820316 9420.100755773925 
3894.2639162343753 9499.963731848144 
3816.547031615723 12021.877555841551 
3824.8377992695314 12135.199251092285 
3840.941906147949 12251.853351443602 
3864.868164203125 12370.326890738768 
3896.625385387207 12489.106902821044 
3936.222381652344 12606.68042153369 
3983.667964950684 12721.534480719969 
4038.970947234375 12832.156114223144 
4102.140140455565 12937.032355886473 
4173.184356566406 13034.650239553222 
4252.112407519044 13123.49679906665 
4338.933105265625 13202.059068270019 
4433.6552617583 13268.82408100659 
4536.287688949218 13322.278871119628 
4646.839198790527 13360.910472452391 
5399.589309412109 13445.223741299316 
6024.56237765625 13489.61216920752 
6642.922591908204 13517.491808029785 
7257.354736109375 13529.983263223143 
7870.543594201172 13528.207140244627 
8485.173950125 13513.284044551268 
9103.930587822264 13486.334581600096 
9801.029377119872 13438.170719146729 
PIECE 5 
QUANTITY 5 
NUMBER OF VERTICES 154 
VERTICES (X,Y) 
7903.95935071875 9475.2783208125 
9597.279301316892 9520.982981228028 
9719.121857300779 9534.896317027344 
9849.347210517088 9554.92732097705 
9986.370239812499 9579.92248584375 
10274.468842027341 9640.19126939453 
10570.73669471875 9706.4746098125 
10862.492828660157 9769.544449230469 
11002.716198216309 9796.990537980957 
11137.056274625 9820.17272978125 
11263.92793673291 9837.93751739795 
11381.74606338672 9849.131393597656 
11488.925533433106 9852.600851146974 
11834.632711631348 9817.150745391846 
12073.107834160157 9786.51870727539 
12300.998430616699 9755.062923431396 
12519.9963383125 9722.550048828125 
12938.081436667966 9653.419647216797 
13340.897827718749 9577.2607421875 
13741.98020995703 9492.206573486328 
14154.863281875 9396.390380859375 
14369.959669742675 9343.863162994385 
14593.081741964843 9287.945404052734 
14825.921335853027 9228.403759002686 
15145.338593162109 9137.567901616943 
15219.55749575 9095.730590841797 
15292.30423036914 9041.096954391845 
15363.05603090625 8975.270996171876 
15431.290131248046 8899.856720086671 
15496.48376528125 8816.458130041015 
15615.65856996875 8632.1240236875 
15716.3983160625 8435.10070834961 
15794.52087465625 8238.220215265625 
15823.793793357421 8143.843536830811 
15845.84411684375 8054.314575673829 
15860.149079001952 7971.237335699463 
15883.339157716797 7039.972763396485 
15893.438721265624 6187.323608609375 
15896.737671343748 4487.9785156875005 
15884.604492609373 2788.523559578125 
15859.200049079345 1012.4188518579103 
15842.205734884765 941.0848236289057 
15815.513125095458 866.4396763276382 
15780.057373671874 789.6234131562505 
15686.59706176367 634.0375520117195 
15569.306030843749 483.4472658125014 
15435.6655125957 346.97258017578315 
15293.156738703125 233.7335207187516 
15220.91464079126 188.67735881298904 
15149.26094084961 152.8501130585937 
15079.130792838623 127.39178665771396 
14619.99473599414 72.333984375 
14243.546142921876 42.5048828125 
13876.995315904298 22.16796875 
13515.22399934375 9.5361328125 
13153.113937642578 2.822265625 
12785.546875203125 0.2392578125 
12407.404556427733 0.0 
11925.475298343077 4.153734446990711 
11842.400713182127 15.340318685302918 
11764.077099809996 33.393429529693094 
11690.23658780078 57.82936098242135 
11554.93338616748 123.91486172192526 
11434.348144875 209.72717292187554 
11326.337900516115 311.39664660034396 
11228.759689683595 425.0536347753914 
11139.470548970214 546.8284894650897 
11056.32751496875 672.8515626875014 
10899.907913472656 922.1637728027363 
10822.345419163576 1037.713613731692 
10742.3571779375 1142.0330812656266 
10657.800226387208 1231.2525274226082 
10566.531601105467 1301.502304220703 
10466.408338685058 1348.9127636779776 
10412.356542483092 1362.8439844094537 
9129.93103059375 1427.1337894374992 
8519.060058796875 1449.2761233281235 
7598.416900767578 1456.8495179863276 
7299.009399546875 1444.5886233281235 
6710.47302259375 1412.1337894374992 
6122.097778453125 1374.8449709843735 
5460.3689326184085 1332.9300439797662 
5405.767927302734 1319.2496777404776 
5303.5732270625 1272.791366720703 
5209.094019072266 1204.0210821101082 
5120.37719740625 1116.7205812656266 
5035.469656138673 1014.671621544192 
4952.418289343751 901.6559603027363 
4784.071655468751 657.8515626875014 
4694.870176537111 534.6263410275897 
4599.712448375 415.5614472753914 
4496.645365056641 304.43863878784396 
4383.71582065625 205.03967292187554 
4258.970709248048 121.14630703442526 
4120.456924906251 56.54029848242135 
4045.4264347834473 32.651852381255594 
3966.2213617050784 15.003404622802918 
3882.59756743042 4.067674876678211 
3453.8733677988284 0.05035400390625 
3125.6201176093755 0.01220703125 
2492.55798384375 5.2001953125 
1868.9074712656252 25.03662109375 
1552.4187475605472 43.30902099609375 
1007.8361517343749 99.4184112753901 
791.2261968437499 153.92395026562554 
686.8319516582029 190.78183184204318 
586.3294987656249 234.41307081054765 
490.6823162558593 285.0951291745623 
400.85388221875 343.1054689375014 
317.8076747441406 408.7215521027829 
242.507171921875 482.22084067383 
175.9158518417969 563.8807966540553 
118.99719259375001 653.9788820468766 
72.71467226757812 752.7925588557137 
38.03176895312501 860.5992890839843 
15.911960740234376 977.6765347351065 
0.0 2817.429809578125 
13.66149921875 4525.4785156875005 
42.7551274375 6233.417358609375 
88.04294649462891 8072.767496603516 
100.71624819140625 8193.436966421876 
119.90306917529297 8308.178511123047 
145.7537848125 8416.9464115625 
178.41877046923827 8519.694948595703 
218.04840151171874 8616.378403078124 
264.7930533061523 8706.951055865235 
318.80310121874993 8791.3671878125 
380.2289206157226 8869.581079775391 
449.2208868632812 8941.547012609375 
525.9293753276366 9007.219267169921 
610.5047613749999 9066.5521243125 
703.097420371582 9119.499864892578 
803.8577276835937 9166.016769765625 
912.936058677246 9206.05711978711 
1478.3106236582034 9346.193695423828 
1916.2695316718753 9441.473388953125 
2348.5970310527346 9526.79763819336 
2779.53064009375 9603.5498049375 
3213.307877087891 9673.113250978517 
3654.166260328125 9736.871338109375 
4106.343308107422 9796.207428123047 
4669.362583793213 9857.748832785157 
4777.475739158203 9853.814392234375 
4896.744824088623 9841.897926519532 
5025.498657859375 9823.195801 
5162.066059745362 9798.904381035156 
5304.775849021485 9770.220031984376 
5601.93786684375 9704.4580080625 
5903.615265525391 9635.480652109376 
6196.438599265625 9572.858887 
6335.352039969971 9546.922264410157 
6467.038422263672 9526.163635609375 
6589.826565421631 9511.77936595703 
7903.95935071875 9475.2783208125 
PIECE 6 
QUANTITY 5 
NUMBER OF VERTICES 34 
VERTICES (X,Y) 
6360.234375 6278.164062 
12194.674148060547 6267.295302845703 
12292.954711421875 6236.155395015625 
12381.209334853516 6186.943892958984 
12457.329101125 6121.860351125 
12519.205093005861 6043.104323962891 
12564.728393265625 5952.875365921875 
12591.790084673827 5853.373031451172 
12598.28125 5746.796875 
12366.548309181639 389.57900953124954 
12334.539794703123 297.3229976250004 
12286.372222654296 214.18380703124967 
12223.974609125 142.01171849999992 
12149.275970205079 82.65701278125016 
12064.205321984376 37.969970624999405 
11970.691680552736 9.800872781250291 
11870.664062 0.0 
6360.234375 0.0 
502.6956176757813 75.03021190234358 
397.02392578125006 114.88037059374983 
294.9447631835938 175.58624217578108 
201.07421875000003 253.06640574999983 
120.02838134765625 343.2394404179686 
56.42333984375 442.02392528124983 
14.875183105468748 545.3384394414061 
0.0 649.1015619999998 
9.72755415625 5867.807006814453 
38.091430375 5965.646972578125 
83.38981590625 6053.4783933964845 
143.999023 6129.462890375 
218.29536390625 6191.76208461914 
304.655150875 6238.537597234375 
401.45469615625 6267.951049326172 
6360.234375 6278.164062 
PIECE 7 
QUANTITY 5 
NUMBER OF VERTICES 111 
VERTICES (X,Y) 
4617.841568636719 8499.573793416748 
9211.016979861084 8489.323835372803 
9317.33665530664 8459.862337096436 
9410.05228106958 8413.12186237085 
9489.993668246094 8351.034974979248 
9557.990627932373 8275.534238704835 
9614.87297122461 8188.552217330811 
9661.470509218994 8092.021474640381 
9698.613053011719 7987.874574416748 
9727.130413698975 7878.0440804431155 
9747.852402376953 7764.462556502685 
9769.229508089844 7533.776673854249 
9769.382858919922 7311.27743673706 
9763.575153994385 7207.929219710693 
9664.257584011719 6238.553285291748 
9553.95576491968 5260.980243276367 
9538.229141400392 5146.896562246826 
9501.740493996094 4896.883973869873 
9461.498184505861 4626.950425985107 
9421.054459011719 4348.143129291748 
9383.961563595702 4071.509294489013 
9353.771744339843 3808.096132276123 
9342.375565172606 3684.799556734375 
9334.03724732617 3568.950853352295 
9329.20082156079 3461.9309234672855 
9332.38382395044 3199.786004937745 
9339.78080797461 3045.9803484284676 
9350.231304583742 2902.1598909055183 
9363.465347652345 2766.780824385498 
9397.204208666017 2515.1716324206536 
9438.83766201172 2278.802308666748 
9486.205978685548 2045.3223892565911 
9537.149429683595 1802.381410322998 
9563.28691524048 1673.5035035764167 
9589.508286001954 1537.62890799878 
9615.54357584253 1393.2138156066903 
9655.220633191162 1155.738916402588 
9671.619568494141 1065.153322225342 
9704.840469933593 868.3067035729982 
9727.824860130859 662.4842548425295 
9731.428156381102 560.6788730676271 
9727.612076261717 461.99566841674823 
9714.756536919678 368.2233524377443 
9691.241455501951 281.150636678467 
9655.446749155515 202.56623268676776 
9605.752335027342 134.25885201049823 
9540.538130264404 78.01720619750995 
9458.184052013672 35.63000679565448 
9357.07001742212 8.885965352783387 
8081.715469792968 5.779237682372695 
6926.840591886719 21.121644791746803 
4335.455437350098 55.18564216552841 
4063.914871859375 50.52449212573265 
3801.671028780762 45.667075930663486 
3547.175064730469 40.690126213621625 
3055.2314001796876 30.684556746824455 
2575.693131136719 21.121644791746803 
2096.16951053125 12.61525141479433 
1604.2697912929689 5.779237682372695 
1349.806786227051 3.1794547661120305 
1087.6032263515626 1.2274646608893818 
816.110268282715 0.0 
412.2914319057617 8.885965352783387 
311.18217503906254 35.63000679565448 
228.83138683837893 78.01720619750995 
163.6191561054688 134.25885201049823 
113.92557164208986 202.56623268676776 
78.13072225 281.150636678467 
54.614696730957036 368.2233524377443 
41.757583886718756 461.99566841674823 
37.93947251904298 560.6788730676271 
41.54045142968751 662.4842548425295 
64.52003529296876 868.3067035729982 
97.737045890625 1065.153322225342 
114.13480821923828 1155.738916402588 
153.81186541406254 1393.2138156066903 
179.84832813671878 1537.62890799878 
206.071444015625 1673.5035035764167 
232.21107526171875 1802.381410322998 
283.15933269921874 2045.3223892565911 
330.53199813671876 2278.802308666748 
372.1679692617188 2515.1716324206536 
405.9061437617188 2766.780824385498 
419.1382128046875 2902.1598909055183 
429.5854193242188 3045.9803484284676 
436.97762553125006 3199.786004937745 
440.1610666164551 3461.9309234672855 
435.3306584589844 3568.950853352295 
426.9975571442871 3684.799556734375 
415.60585065234375 3808.096132276123 
385.4229740566406 4071.509294489013 
348.33473251171876 4348.143129291748 
307.8938298574219 4626.950425985107 
267.6529699335938 4896.883973869873 
231.16485658007815 5146.896562246826 
215.43829981713867 5260.980243276367 
105.13649026171875 6238.553285291748 
5.812482895019531 7207.929219710693 
0.0 7311.27743673706 
0.14808648046875117 7533.776673854249 
21.5245055390625 7764.462556502685 
42.247438366699214 7878.0440804431155 
70.76637263671876 7987.874574416748 
107.91094778173829 8092.021474640381 
154.51080323437503 8188.552217330811 
211.3955784272461 8275.534238704835 
279.3949127929688 8351.034974979248 
359.3384457641602 8413.12186237085 
452.05581677343747 8459.862337096436 
558.376665253418 8489.323835372803 
4617.841568636719 8499.573793416748 
PIECE 8 
QUANTITY 5 
NUMBER OF VERTICES 109 
VERTICES (X,Y) 
8421.853621506012 11594.232966401307 
8560.041981243408 11581.624507409668 
8706.32614900998 11568.58858298175 
8859.850006603516 11554.781341074218 
9185.192318462647 11523.477496646972 
9529.219971203125 11484.96215778125 
9885.084019207276 11436.484508130372 
10245.935516857422 11375.293731347656 
10604.925518535889 11298.639011086425 
10955.205078625 11203.769531 
11124.938147568024 11148.644625914001 
11289.92525150708 11087.9344747417 
11449.31027223996 11021.295225439759 
11602.237091564453 10948.383025964844 
11747.849591278351 10868.85402427362 
11885.291653179444 10782.364368322753 
12013.707159065521 10688.57020606891 
12132.239990734375 10587.12768546875 
12240.034029983795 10477.692954478942 
12336.233158611572 10359.922161056153 
12419.981258415497 10233.471453157043 
12490.42221119336 10097.996978738282 
12546.69989874295 9953.15488575653 
12587.95820286206 9798.601322168457 
12613.34100534848 9633.992435930726 
12621.992188 9458.984375 
12611.594162486328 407.5682063085951 
12581.786499515625 311.8908687187504 
12534.648819443359 225.23879970703274 
12472.260742625 149.68749974999992 
12396.701889416014 87.31246932421709 
12310.051880171875 40.189208906249405 
12214.390335248048 10.393218972654722 
12111.796875 0.0 
10835.885219656495 5.029182434082031 
10755.347137595705 19.27154541015625 
10670.60930270972 41.459312438964844 
10582.410888890627 70.32470703125 
10398.589020021485 143.01727294921875 
10209.794922125 227.20703125 
10021.94198633789 312.75177001953125 
9840.943603796874 389.50927734375 
9754.862804723874 421.42337799072266 
9672.71316563867 447.33734130859375 
9595.233860433349 465.98339080810547 
8714.99084515625 534.3658446562495 
7913.53027375 582.8271482499986 
7111.59362821875 623.8983152187484 
5492.37365771875 623.8983152187484 
4690.43457075 582.8271482499986 
3888.97155790625 534.3658446562495 
3008.1727314819336 467.4657249394513 
2929.1709138398437 453.0088805937485 
2755.50598165625 410.1330565624994 
2566.8236543945313 354.51492293749834 
2370.161133 293.2031247499999 
2172.5556184179686 233.2463070312515 
1981.04431159375 181.69311481250043 
1802.6644134726562 145.59219312500136 
1720.5978679711914 135.539035302736 
1644.453125 131.99218699999983 
440.1908397619629 137.07492778369124 
389.7621917519531 151.72515819140608 
341.172265963623 175.0458903081053 
294.691772390625 206.14013621874983 
209.1419218652344 288.0612177617186 
135.278320125 390.31249949999983 
75.26664711914061 505.7180781132811 
31.272582796875 627.1020502812498 
5.461807107421876 747.2885126835936 
0.0 859.1015619999998 
477.95339946377567 9980.775105541199 
506.9407940734863 10142.275981567871 
548.2894529067078 10291.964695184632 
601.3735200410156 10430.311126496093 
665.5671395539856 10557.785155606873 
740.2444555231934 10674.856662621582 
824.7796120262146 10781.995527644836 
918.546753140625 10879.67163078125 
1020.9200229440003 10968.354852135437 
1131.2735655139159 11048.515071812011 
1248.981524927948 11120.622169915589 
1373.418045263672 11185.146026550781 
1503.9572705986634 11242.556521822204 
1639.9733450104982 11293.323535834472 
1925.932617375 11376.8066405 
2226.289014977783 11439.354381384277 
2536.035690439453 11484.725799324218 
2850.165796380615 11516.679935156739 
3163.672485421875 11538.97582971875 
3471.548910183838 11555.372523847169 
3768.7882232871098 11569.629058378907 
4050.383577352295 11585.50447415088 
4392.94976835025 11614.335631915039 
4482.8542805598145 11621.424560222657 
4685.303116009765 11634.135742015626 
4914.257040255615 11644.891357378907 
5165.298462203125 11653.6914063125 
5434.009790758057 11660.535888816406 
5715.973434826172 11665.424804890625 
6301.987305125 11669.33593775 
6887.999344345702 11665.424804890625 
7169.960699566162 11660.535888816406 
7438.668823734375 11653.6914063125 
7689.706125756104 11644.891357378907 
7918.655014537109 11634.135742015626 
8121.097898983155 11621.424560222657 
8210.999092363618 11614.335631915039 
8421.853621506012 11594.232966401307 
PIECE 9 
QUANTITY 5 
NUMBER OF VERTICES 95 
VERTICES (X,Y) 
6137.03125 5950.0 
7173.975935064698 5945.251579279053 
7315.182724142578 5931.841125466797 
7460.710230059326 5911.020851089112 
7609.601440640625 5884.042968671875 
7913.6469270996095 5816.623229822266 
8219.663086125001 5739.599609125 
8519.993820322266 5662.989806787109 
8806.983032296876 5596.811523015625 
8943.082037014894 5570.764731906982 
9072.974624654296 5551.082458017578 
9195.703783040772 5539.016913873291 
9310.3125 5535.820312 
11405.27603199414 5557.505492685546 
11589.844971203125 5529.104003484375 
11676.30823185376 5506.074370953857 
11758.185272716797 5476.748656884765 
11834.947033428467 5440.819244088135 
11906.064453625 5397.978515375 
11971.008472942627 5347.918853556396 
12029.250031017578 5290.3326414433595 
12080.260067486084 5224.912261846924 
12123.509521984375 5151.350097578125 
12158.469334148682 5069.338531447998 
12184.610443615235 4978.569946267578 
12201.403790020264 4878.7367248479 
12208.320313 4769.53125 
12264.349213124999 455.72257962109325 
12233.009033625 348.3270261562502 
12182.151642187499 251.276016113281 
12113.9257815 166.82128899999952 
12030.480194250002 97.21458432421787 
11933.963623125 44.70764159374994 
11826.524810812502 11.552200316406015 
11710.3125 0.0 
9514.432773677978 8.53515625 
9420.263824626953 32.65625 
9330.073986281981 70.13671875 
9242.381592078124 118.75 
9068.562469833983 240.46875 
8886.953125375 380.0 
8685.70022618164 519.53125 
8574.003277147214 583.73046875 
8452.950439734374 641.25 
8321.060047378172 689.86328125 
8176.850433513671 727.34375 
8018.839931575927 751.46484375 
7845.546875 760.0 
4255.2161312158205 751.46484375 
4097.200851460938 727.34375 
3952.987947506836 689.86328125 
3821.095581125 641.25 
3700.041914086914 583.73046875 
3588.3451081640624 519.53125 
3387.09472675 380.0 
3205.4897310546876 240.46875 
3031.67541525 118.75 
2943.9851667353514 70.13671875 
2853.7970735078125 32.65625 
2759.629297338867 8.53515625 
2660.0 0.0 
447.52639782812497 11.552200316406015 
340.08178724999993 44.70764159374994 
243.563079921875 97.21458432421787 
160.1171875 166.82128899999952 
91.89102164062498 251.276016113281 
41.031494 348.3270261562502 
9.685516234375001 455.72257962109325 
0.0 571.2109369999998 
72.64582683959961 4878.7367248479 
89.42955066992187 4978.569946267578 
115.56389858325196 5069.338531447998 
150.519409671875 5151.350097578125 
193.7666230280762 5224.912261846924 
244.77607774414065 5290.3326414433595 
303.01831291235357 5347.918853556396 
367.9638676250001 5397.978515375 
439.0832809743654 5440.819244088135 
515.8470920527345 5476.748656884765 
597.7258399523928 5506.074370953857 
684.1900637656252 5529.104003484375 
868.7570955019531 5557.505492685546 
1065.3125 5564.414062 
3078.358716970215 5539.016913873291 
3201.087875386719 5551.082458017578 
3330.980463070801 5570.764731906982 
3467.07946784375 5596.811523015625 
3754.068679941406 5662.989806787109 
4054.39941425 5739.599609125 
4360.415573339844 5816.623229822266 
4664.46105978125 5884.042968671875 
4813.352270312012 5911.020851089112 
4958.879776144531 5931.841125466797 
5100.086565100099 5945.251579279053 
6137.03125 5950.0 
PIECE 10 
QUANTITY 5 
NUMBER OF VERTICES 116 
VERTICES (X,Y) 
12208.441085480225 6573.321828842041 
12314.759645187989 6536.124191283203 
12410.55730796509 6488.033494946045 
12496.306657584475 6429.848022453125 
12572.480277819095 6362.366056427002 
12639.550752441897 6286.385879490234 
12697.99066522583 6202.705774265381 
12748.27259994385 6112.1240233749995 
12790.869140368899 6015.43890944165 
12826.252870273927 5913.44871508789 
12854.896373431888 5806.951722936279 
12877.272233615724 5696.746215609375 
12905.111360152832 5468.402785919921 
12912.938813746583 5021.235427376953 
12911.466569490723 4795.955199765625 
12908.126115443849 4328.881835624999 
12907.350129785647 4096.3986966191405 
12907.898454459473 3870.8245846718746 
12910.317201531738 3656.8144985449217 
12950.587053193847 2405.8740231249994 
12959.268083584473 1891.4007565468746 
12958.537721695802 1641.5874477636717 
12947.79095657959 1305.7864660986324 
12936.256609045411 1204.3068690078126 
12918.0544758667 1096.0087675849609 
12892.486467443849 982.9412836874999 
12858.854494177247 867.1535391728521 
12816.460466467286 750.6946558984382 
12764.606294714356 635.6137557216807 
12702.593889318849 523.9599605000003 
12629.725160681153 417.7823920908213 
12545.302019201661 319.1301723515626 
12448.626375280763 230.05242313964845 
12339.000139318849 152.59826631249962 
12215.72522171631 88.81682372753949 
12078.103532873536 40.757217242187835 
11925.436983190919 10.468568713867171 
11757.027483068849 0.0 
617.9781819008789 15.646667335937309 
476.63746835009766 40.51025368750015 
346.0422992211914 83.89312719531245 
230.24525631884765 147.44140599999992 
179.16246401660155 187.29198430761699 
133.29892144775388 232.80120824218739 
93.16120133789062 284.17484257128854 
59.25587641259766 341.6186520624997 
32.08951939746093 405.3384014833973 
12.168703018066406 475.5398556015625 
0.0 552.4287791845709 
0.5663775786132801 1047.4536129257813 
9.137468209472654 1447.5781247187497 
31.739396943847655 2228.4179685 
50.24708749072266 3006.62109353125 
53.70038038720703 3403.4497068867186 
49.943819122802736 3898.972453983154 
48.530168594238276 4007.2172544746095 
46.90777782250977 4131.977023849853 
45.21351814697266 4270.416259484375 
43.58426090698242 4419.699458753663 
42.15687744189454 4576.991119033203 
40.45521719384766 4904.257812125 
41.20350811767578 5229.532317763672 
42.838563617431646 5384.3337437268065 
45.49672092822266 5530.130614953125 
49.314851389404296 5664.087428818115 
54.42982634033203 5783.368682697266 
60.97851712036133 5885.138873966064 
91.96797331298828 6116.449432351563 
124.97670139697266 6263.6291503125 
171.93806622314455 6403.589019617188 
236.66615469384766 6531.816406 
276.8846224528808 6590.120219887695 
322.97505371142574 6643.798675195312 
375.4142093322754 6692.287692639648 
434.67885017822266 6735.0231929375 
501.2457371120605 6771.441096805664 
575.591630996582 6800.977324960937 
658.1932926945802 6823.067798120117 
793.5363674973449 6841.637327172485 
847.4696827702636 6847.043475610351 
910.8182812437437 6853.295142162964 
983.0730152739256 6860.320586679687 
1063.7247372169495 6868.0480690098875 
1152.2642994289552 6876.405849002929 
1350.9703540844728 6894.725341375 
1575.1179980895997 6914.70514259082 
1820.6340502934572 6935.771331445312 
2083.4453295451663 6957.3499867333985 
2359.4786546938476 6978.86718725 
2934.918718078613 7019.421539148438 
3514.3687912407227 7052.8430175 
3795.4146286110845 7065.444126083008 
4065.2434249731446 7074.540252664063 
4319.781999176025 7079.557476038086 
5327.2386642094725 7075.487060265625 
6115.6700606938475 7073.476562125 
6902.0653243657225 7068.946532921875 
7288.816270410644 7064.1917417792965 
7960.952882349121 7047.105932230224 
8267.947282373536 7031.2487029824215 
8585.696382104981 7010.132570223877 
8910.674943506348 6984.508666921875 
9568.219499170411 6922.742080556641 
9893.735017358887 6888.101663427979 
10212.379045068848 6851.958007625 
10520.626344263184 6815.062246114991 
10814.951676904786 6778.165511865234 
11091.829804956544 6742.018937843018 
11347.735490381348 6707.373657015625 
11579.14349514209 6674.980802350342 
11684.559230386842 6659.863763880768 
11782.528581201661 6645.591506814453 
11872.61089283191 6632.257922772308 
11954.36551052295 6619.956903375244 
12027.351779520142 6608.782340244171 
12208.441085480225 6573.321828842041 
